1761590824968 0.26743197441101074 0
1761590825520 0.3818027079105377 1
1761590826082 0.31377550959587097 2
1761590826569 0.2738095223903656 3
1761590827190 0.2789115607738495 4
1761590827759 0.33375850319862366 5
1761590828252 0.36734694242477417 6
1761590828714 0.3907313048839569 7
1761590829187 0.2997449040412903 8
1761590829751 0.31122449040412903 9
1761590830324 0.3333333432674408 10
1761590830834 0.37755101919174194 11
1761590831345 0.36564627289772034 12
1761590831814 0.3779761791229248 13
1761590832282 0.3460884392261505 14
1761590832757 0.3818027079105377 15
1761590833316 0.33078232407569885 16
1761590833828 0.3758503496646881 17
1761590834286 0.3937074840068817 18
1761590834745 0.3533163368701935 19
1761590835248 0.3937074840068817 20
1761590835713 0.38222789764404297 21
1761590836243 0.37627550959587097 22
1761590836792 0.41624149680137634 23
1761590837308 0.3801020383834839 24
1761590837764 0.3941326439380646 25
1761590838224 0.39328232407569885 26
1761590838684 0.3886054456233978 27
1761590839140 0.4000850319862366 28
1761590839599 0.3996598720550537 29
1761590840095 0.3945578336715698 30
1761590840703 0.4090135991573334 31
1761590841191 0.4332483112812042 32
1761590841679 0.39243197441101074 33
1761590842139 0.3979591727256775 34
1761590842628 0.3979591727256775 35
1761590843191 0.42219388484954834 36
1761590843775 0.4098639488220215 37
1761590844370 0.41539114713668823 38
1761590844884 0.4145408272743225 39
1761590824968 0.26743197441101074 0
1761590824968 0.26743197441101074 0
1761590824968 0.26743197441101074 0
