1761590824968 1.177565336227417 0
1761590825520 1.1091151237487793 1
1761590826082 1.0992307662963867 2
1761590826569 1.096073031425476 3
1761590827190 1.1031110286712646 4
1761590827759 1.0957345962524414 5
1761590828252 1.0905845165252686 6
1761590828714 1.082729697227478 7
1761590829187 1.0832054615020752 8
1761590829751 1.0724760293960571 9
1761590830324 1.067101240158081 10
1761590830834 1.0624521970748901 11
1761590831345 1.0596508979797363 12
1761590831814 1.059890627861023 13
1761590832282 1.0684031248092651 14
1761590832757 1.0572724342346191 15
1761590833316 1.0484850406646729 16
1761590833828 1.0409289598464966 17
1761590834286 1.0446738004684448 18
1761590834745 1.0426563024520874 19
1761590835248 1.0389660596847534 20
1761590835713 1.0432647466659546 21
1761590836243 1.0337222814559937 22
1761590836792 1.0345815420150757 23
1761590837308 1.036370873451233 24
1761590837764 1.0325241088867188 25
1761590838224 1.0262407064437866 26
1761590838684 1.035857081413269 27
1761590839140 1.0178250074386597 28
1761590839599 1.0342066287994385 29
1761590840095 1.0228352546691895 30
1761590840703 1.026786208152771 31
1761590841191 1.0100778341293335 32
1761590841679 1.0136226415634155 33
1761590842139 1.0170729160308838 34
1761590842628 1.013379454612732 35
1761590843191 1.0127196311950684 36
1761590843775 1.0056096315383911 37
1761590844370 1.0131036043167114 38
1761590844884 1.0073983669281006 39
1761590824968 1.177565336227417 0
1761590824968 1.177565336227417 0
1761590824968 1.177565336227417 0
