1761590492147 0.34778910875320435 0
1761590493015 0.2678571343421936 1
1761590493959 0.3592686951160431 2
1761590494761 0.2687074840068817 3
1761590495553 0.28018707036972046 4
1761590496450 0.37159863114356995 5
1761590497239 0.30102041363716125 6
1761590498020 0.3443877696990967 7
1761590498798 0.34353742003440857 8
1761590499666 0.307823121547699 9
1761590500565 0.3741496503353119 10
1761590501475 0.323129266500473 11
1761590502296 0.3554421663284302 12
1761590503138 0.3562925159931183 13
1761590504035 0.3503401279449463 14
1761590504920 0.3720238208770752 15
1761590505705 0.3660714328289032 16
1761590506497 0.3520408272743225 17
1761590507331 0.4009353816509247 18
1761590508223 0.3792516887187958 19
1761590509086 0.4128401279449463 20
1761590509909 0.38137754797935486 21
1761590510691 0.380952388048172 22
1761590511479 0.4090135991573334 23
1761590512385 0.40646257996559143 24
1761590513248 0.4145408272743225 25
1761590514036 0.4217686951160431 26
1761590514817 0.4090135991573334 27
1761590515594 0.4183673560619354 28
1761590516377 0.4030612111091614 29
1761590517273 0.43027210235595703 30
1761590518091 0.40816327929496765 31
1761590519409 0.40136054158210754 32
1761590520223 0.4294217824935913 33
1761590521004 0.4047619104385376 34
1761590521852 0.4204931855201721 35
1761590522723 0.4264455735683441 36
1761590523518 0.426870733499527 37
1761590524361 0.41709184646606445 38
1761590525193 0.4366496503353119 39
1761590492147 0.34778910875320435 0
1761590492147 0.34778910875320435 0
1761590492147 0.34778910875320435 0
