1761590492147 1.1097745895385742 0
1761590493015 1.1000356674194336 1
1761590493959 1.1110032796859741 2
1761590494761 1.1016149520874023 3
1761590495553 1.091605544090271 4
1761590496450 1.0981045961380005 5
1761590497239 1.0885604619979858 6
1761590498020 1.0690906047821045 7
1761590498798 1.0802075862884521 8
1761590499666 1.086104393005371 9
1761590500565 1.0558558702468872 10
1761590501475 1.0619784593582153 11
1761590502296 1.0481419563293457 12
1761590503138 1.0492228269577026 13
1761590504035 1.052139401435852 14
1761590504920 1.051095962524414 15
1761590505705 1.0439119338989258 16
1761590506497 1.044821858406067 17
1761590507331 1.0478895902633667 18
1761590508223 1.035076379776001 19
1761590509086 1.0401164293289185 20
1761590509909 1.0360773801803589 21
1761590510691 1.0221494436264038 22
1761590511479 1.0289356708526611 23
1761590512385 1.029017448425293 24
1761590513248 1.018828272819519 25
1761590514036 1.0227000713348389 26
1761590514817 1.0149062871932983 27
1761590515594 1.0205329656600952 28
1761590516377 1.0123602151870728 29
1761590517273 1.007218599319458 30
1761590518091 1.0081318616867065 31
1761590519409 1.0161755084991455 32
1761590520223 1.0036379098892212 33
1761590521004 1.0037342309951782 34
1761590521852 0.9975059628486633 35
1761590522723 0.9959090948104858 36
1761590523518 0.9983541369438171 37
1761590524361 0.9910057187080383 38
1761590525193 1.0021284818649292 39
1761590492147 1.1097745895385742 0
1761590492147 1.1097745895385742 0
1761590492147 1.1097745895385742 0
