1761590612264 0.3295068144798279 0
1761590612778 0.3205782175064087 1
1761590613284 0.3392857015132904 2
1761590613780 0.3282313048839569 3
1761590614385 0.34353742003440857 4
1761590614857 0.36947280168533325 5
1761590615338 0.3133503496646881 6
1761590615834 0.3443877696990967 7
1761590616301 0.3503401279449463 8
1761590616873 0.33078232407569885 9
1761590617402 0.3490646183490753 10
1761590617865 0.3460884392261505 11
1761590618331 0.36054420471191406 12
1761590618791 0.37372449040412903 13
1761590619249 0.3937074840068817 14
1761590619707 0.379676878452301 15
1761590620232 0.3852040767669678 16
1761590620797 0.3728741407394409 17
1761590621271 0.38137754797935486 18
1761590621797 0.3860544264316559 19
1761590622272 0.40051019191741943 20
1761590622734 0.3792516887187958 21
1761590623246 0.4017857015132904 22
1761590623772 0.39328232407569885 23
1761590624332 0.4000850319862366 24
1761590624797 0.4068877696990967 25
1761590625267 0.39158162474632263 26
1761590625719 0.4085884392261505 27
1761590626174 0.3877550959587097 28
1761590626627 0.4238945543766022 29
1761590627105 0.41198980808258057 30
1761590627690 0.41539114713668823 31
1761590628189 0.41113945841789246 32
1761590628663 0.4077380895614624 33
1761590629123 0.4107142984867096 34
1761590629578 0.4030612111091614 35
1761590630033 0.40646257996559143 36
1761590630550 0.4183673560619354 37
1761590631118 0.4136904776096344 38
1761590631635 0.40136054158210754 39
1761590632090 0.41624149680137634 40
1761590632544 0.41113945841789246 41
1761590632998 0.41709184646606445 42
1761590633457 0.40433672070503235 43
1761590633907 0.4128401279449463 44
1761590634425 0.41496598720550537 45
1761590634995 0.41411563754081726 46
1761590635464 0.43027210235595703 47
1761590635913 0.4294217824935913 48
1761590636377 0.40646257996559143 49
1761590612264 0.3295068144798279 0
1761590612264 0.3295068144798279 0
1761590612264 0.3295068144798279 0
