1761590612264 1.1612637042999268 0
1761590612778 1.1346101760864258 1
1761590613284 1.1304216384887695 2
1761590613780 1.120509386062622 3
1761590614385 1.1152245998382568 4
1761590614857 1.1044248342514038 5
1761590615338 1.0983777046203613 6
1761590615834 1.0964891910552979 7
1761590616301 1.0817023515701294 8
1761590616873 1.0798206329345703 9
1761590617402 1.0735327005386353 10
1761590617865 1.0593513250350952 11
1761590618331 1.0660762786865234 12
1761590618791 1.0581024885177612 13
1761590619249 1.0561678409576416 14
1761590619707 1.0621806383132935 15
1761590620232 1.0572465658187866 16
1761590620797 1.047164797782898 17
1761590621271 1.0404760837554932 18
1761590621797 1.039980173110962 19
1761590622272 1.043131709098816 20
1761590622734 1.0310355424880981 21
1761590623246 1.033838152885437 22
1761590623772 1.0436362028121948 23
1761590624332 1.0411502122879028 24
1761590624797 1.0186434984207153 25
1761590625267 1.0390429496765137 26
1761590625719 1.0359591245651245 27
1761590626174 1.0265153646469116 28
1761590626627 1.0109952688217163 29
1761590627105 1.0330275297164917 30
1761590627690 1.0252082347869873 31
1761590628189 1.0135725736618042 32
1761590628663 1.006851315498352 33
1761590629123 1.0116767883300781 34
1761590629578 1.0233495235443115 35
1761590630033 1.0146807432174683 36
1761590630550 1.021983027458191 37
1761590631118 1.0313453674316406 38
1761590631635 1.0015501976013184 39
1761590632090 1.0137308835983276 40
1761590632544 0.9888423085212708 41
1761590632998 1.0034691095352173 42
1761590633457 1.000198245048523 43
1761590633907 1.0127230882644653 44
1761590634425 1.0129095315933228 45
1761590634995 0.9881929159164429 46
1761590635464 1.01114022731781 47
1761590635913 0.9891250729560852 48
1761590636377 0.9896394610404968 49
1761590612264 1.1612637042999268 0
1761590612264 1.1612637042999268 0
1761590612264 1.1612637042999268 0
