1761262639011 0.19479429721832275 0
1761262639606 0.32115867733955383 1
1761262640229 0.190176323056221 2
1761262640876 0.24727119505405426 3
1761262641666 0.47816962003707886 4
1761262642242 0.2741393744945526 5
1761262642683 0.45046180486679077 6
1761262643152 0.3400503695011139 7
1761262643638 0.37321579456329346 8
1761262644095 0.22879932820796967 9
1761262644557 0.23131822049617767 10
1761262644982 0.22292190790176392 11
1761262645425 0.254408061504364 12
1761262645867 0.31276237964630127 13
1761262646298 0.38371115922927856 14
1761262639011 0.19479429721832275 0
1761262639011 0.19479429721832275 0
1761262639011 0.19479429721832275 0
