1761262639011 1.264571189880371 0
1761262639606 1.0988723039627075 1
1761262640229 1.0988502502441406 2
1761262640876 1.0987306833267212 3
1761262641666 1.098830223083496 4
1761262642242 1.0987821817398071 5
1761262642683 1.0988476276397705 6
1761262643152 1.0987367630004883 7
1761262643638 1.098779320716858 8
1761262644095 1.0987440347671509 9
1761262644557 1.0987155437469482 10
1761262644982 1.0988056659698486 11
1761262645425 1.098726749420166 12
1761262645867 1.0987167358398438 13
1761262646298 1.0987095832824707 14
1761262639011 1.264571189880371 0
1761262639011 1.264571189880371 0
1761262639011 1.264571189880371 0
