1761348972769 0.7534246444702148 0
1761348973074 0.9957191944122314 1
1761348973376 0.9982876777648926 2
1761348973636 1.0 3
1761348973897 1.0 4
1761348974165 1.0 5
1761348974404 1.0 6
1761348974645 1.0 7
1761348974884 1.0 8
1761348975122 1.0 9
1761348975358 1.0 10
1761348975600 1.0 11
1761348975868 1.0 12
1761348976107 1.0 13
1761348976350 1.0 14
1761348976655 1.0 15
1761348977019 1.0 16
1761348977277 1.0 17
1761348977522 1.0 18
1761348977769 1.0 19
1761348978014 1.0 20
1761348978253 1.0 21
1761348978493 1.0 22
1761348978742 1.0 23
1761348978984 1.0 24
1761348979223 1.0 25
1761348979463 1.0 26
1761348979703 1.0 27
1761348979945 1.0 28
1761348980212 1.0 29
1761348980484 1.0 30
1761348972769 0.7534246444702148 0
1761348988610 1.0 31
1761348972769 0.7534246444702148 0
1761348972769 0.7534246444702148 0
