1761348972769 0.6160471439361572 0
1761348973074 0.0379638597369194 1
1761348973376 0.008503833785653114 2
1761348973636 0.0013446883531287313 3
1761348973897 0.0008000854286365211 4
1761348974165 0.0005465257563628256 5
1761348974404 0.0003985479997936636 6
1761348974645 0.00030541353044100106 7
1761348974884 0.00023637176491320133 8
1761348975122 0.000189260215847753 9
1761348975358 0.00015572553093079478 10
1761348975600 0.00012938090367242694 11
1761348975868 0.00010658868995960802 12
1761348976107 9.201359353028238e-05 13
1761348976350 7.839871977921575e-05 14
1761348976655 6.790530460420996e-05 15
1761348977019 5.93453150941059e-05 16
1761348977277 5.222154868533835e-05 17
1761348977522 4.625231304089539e-05 18
1761348977769 4.1122897528111935e-05 19
1761348978014 3.663299867184833e-05 20
1761348978253 3.2999570976244286e-05 21
1761348978493 2.9627255571540445e-05 22
1761348978742 2.6810866984305903e-05 23
1761348978984 2.4545712221879512e-05 24
1761348979223 2.214585583715234e-05 25
1761348979463 2.0370451238704845e-05 26
1761348979703 1.858793075371068e-05 27
1761348979945 1.69878730957862e-05 28
1761348980212 1.5675692338845693e-05 29
1761348980484 1.4486998225038406e-05 30
1761348972769 0.6160471439361572 0
1761348988610 6.790530460420996e-05 31
1761348972769 0.6160471439361572 0
1761348972769 0.6160471439361572 0
