1761591054630 0.3303571343421936 0
1761591056061 0.3163265287876129 1
1761591056610 0.3452380895614624 2
1761591057244 0.306547611951828 3
1761591057664 0.318452388048172 4
1761591057994 0.3609693944454193 5
1761591058302 0.33460885286331177 6
1761591058643 0.3295068144798279 7
1761591058991 0.36054420471191406 8
1761591059403 0.3511904776096344 9
1761591059778 0.3469387888908386 10
1761591060130 0.363095223903656 11
1761591060475 0.3639455735683441 12
1761591060806 0.37457484006881714 13
1761591061096 0.3720238208770752 14
1761591061354 0.375 15
1761591061599 0.37372449040412903 16
1761591061848 0.37329933047294617 17
1761591062103 0.38052719831466675 18
1761591062356 0.3741496503353119 19
1761591062614 0.39030611515045166 20
1761591062891 0.38137754797935486 21
1761591063252 0.3988095223903656 22
1761591063637 0.38732993602752686 23
1761591063981 0.4047619104385376 24
1761591064234 0.38945579528808594 25
1761591064523 0.39030611515045166 26
1761591064809 0.38818028569221497 27
1761591065070 0.39158162474632263 28
1761591065349 0.4323979616165161 29
1761591065610 0.39710885286331177 30
1761591065852 0.41198980808258057 31
1761591066097 0.4115646183490753 32
1761591066355 0.3890306055545807 33
1761591066649 0.42219388484954834 34
1761591066890 0.3996598720550537 35
1761591067130 0.4107142984867096 36
1761591067386 0.39540815353393555 37
1761591067650 0.4107142984867096 38
1761591067897 0.4056122303009033 39
1761591068145 0.40518707036972046 40
1761591068395 0.4068877696990967 41
1761591068635 0.41411563754081726 42
1761591068893 0.4217686951160431 43
1761591069136 0.4179421663284302 44
1761591069376 0.43920066952705383 45
1761591069620 0.4085884392261505 46
1761591069877 0.41624149680137634 47
1761591070171 0.41411563754081726 48
1761591070425 0.4272959232330322 49
1761591054630 0.3303571343421936 0
1761591054630 0.3303571343421936 0
1761591054630 0.3303571343421936 0
