1761591054630 1.1492490768432617 0
1761591056061 1.1333732604980469 1
1761591056610 1.138853669166565 2
1761591057244 1.116713523864746 3
1761591057664 1.125046968460083 4
1761591057994 1.0953991413116455 5
1761591058302 1.0943961143493652 6
1761591058643 1.0937039852142334 7
1761591058991 1.0795023441314697 8
1761591059403 1.0688393115997314 9
1761591059778 1.0746721029281616 10
1761591060130 1.076704740524292 11
1761591060475 1.060585856437683 12
1761591060806 1.0551328659057617 13
1761591061096 1.0530908107757568 14
1761591061354 1.066840410232544 15
1761591061599 1.054132342338562 16
1761591061848 1.046784520149231 17
1761591062103 1.0556364059448242 18
1761591062356 1.0409711599349976 19
1761591062614 1.028143286705017 20
1761591062891 1.0416938066482544 21
1761591063252 1.0373786687850952 22
1761591063637 1.031774878501892 23
1761591063981 1.0321534872055054 24
1761591064234 1.033249855041504 25
1761591064523 1.0337514877319336 26
1761591064809 1.0362049341201782 27
1761591065070 1.0239689350128174 28
1761591065349 1.0202142000198364 29
1761591065610 1.0244481563568115 30
1761591065852 1.0341469049453735 31
1761591066097 1.0172199010849 32
1761591066355 1.0068813562393188 33
1761591066649 1.0162218809127808 34
1761591066890 1.0302447080612183 35
1761591067130 1.0167158842086792 36
1761591067386 1.013972520828247 37
1761591067650 1.007746934890747 38
1761591067897 1.0062624216079712 39
1761591068145 1.0166279077529907 40
1761591068395 1.0199761390686035 41
1761591068635 1.0087215900421143 42
1761591068893 1.0201084613800049 43
1761591069136 1.0144063234329224 44
1761591069376 0.986788809299469 45
1761591069620 0.9980127215385437 46
1761591069877 1.0108366012573242 47
1761591070171 0.9802758693695068 48
1761591070425 0.9860748648643494 49
1761591054630 1.1492490768432617 0
1761591054630 1.1492490768432617 0
1761591054630 1.1492490768432617 0
