1761343655002 0.23719564080238342 0
1761343655521 0.39672544598579407 1
1761343656073 0.43786734342575073 2
1761343656586 0.4832073748111725 3
1761343657049 0.191435769200325 4
1761343657526 0.17380352318286896 5
1761343658003 0.18597817420959473 6
1761343658555 0.2753988206386566 7
1761343659052 0.39042821526527405 8
1761343659584 0.2833753228187561 9
1761343660044 0.19899244606494904 10
1761343660565 0.1759026050567627 11
1761343661128 0.21620486676692963 12
1761343661714 0.31570109724998474 13
1761343662192 0.2783375382423401 14
1761343655002 0.23719564080238342 0
1761343655002 0.23719564080238342 0
1761343655002 0.23719564080238342 0
