1761343655002 1.098760962486267 0
1761343655521 1.0987669229507446 1
1761343656073 1.0987637042999268 2
1761343656586 1.0987322330474854 3
1761343657049 1.0987308025360107 4
1761343657526 1.0987346172332764 5
1761343658003 1.0987207889556885 6
1761343658555 1.0987564325332642 7
1761343659052 1.0987048149108887 8
1761343659584 1.0987242460250854 9
1761343660044 1.0987647771835327 10
1761343660565 1.0987422466278076 11
1761343661128 1.0986896753311157 12
1761343661714 1.0987722873687744 13
1761343662192 1.0987223386764526 14
1761343655002 1.098760962486267 0
1761343655002 1.098760962486267 0
1761343655002 1.098760962486267 0
