1761592768107 0.260629266500473 0
1761592768411 0.37329933047294617 1
1761592768676 0.1658163219690323 2
1761592768944 0.33886054158210754 3
1761592769168 0.3409864008426666 4
1761592769394 0.3282313048839569 5
1761592769626 0.26318028569221497 6
1761592769856 0.3022959232330322 7
1761592770093 0.31420066952705383 8
1761592770324 0.32397958636283875 9
1761592770556 0.33971089124679565 10
1761592770787 0.3354591727256775 11
1761592771011 0.3375850319862366 12
1761592771248 0.3324829936027527 13
1761592771524 0.3562925159931183 14
1761592771785 0.34566327929496765 15
1761592772073 0.36564627289772034 16
1761592772426 0.33971089124679565 17
1761592772751 0.3771258592605591 18
1761592773003 0.34778910875320435 19
1761592773287 0.39625850319862366 20
1761592773513 0.379676878452301 21
1761592773740 0.3830782175064087 22
1761592773975 0.37840136885643005 23
1761592774210 0.3771258592605591 24
1761592774445 0.37627550959587097 25
1761592774682 0.40433672070503235 26
1761592774923 0.4094387888908386 27
1761592775151 0.39838436245918274 28
1761592775395 0.37244898080825806 29
1761592775681 0.39158162474632263 30
1761592776005 0.386904776096344 31
1761592776241 0.42006802558898926 32
1761592776476 0.4085884392261505 33
1761592776731 0.39540815353393555 34
1761592776963 0.4272959232330322 35
1761592777193 0.3920068144798279 36
1761592777428 0.4204931855201721 37
1761592777658 0.4068877696990967 38
1761592777894 0.41539114713668823 39
1761592768107 0.260629266500473 0
