1761592768107 1.1202857494354248 0
1761592768411 1.1097618341445923 1
1761592768676 1.106500506401062 2
1761592768944 1.0931341648101807 3
1761592769168 1.083636999130249 4
1761592769394 1.0887832641601562 5
1761592769626 1.083501935005188 6
1761592769856 1.0820989608764648 7
1761592770093 1.071932315826416 8
1761592770324 1.066359519958496 9
1761592770556 1.0562293529510498 10
1761592770787 1.0583089590072632 11
1761592771011 1.0617079734802246 12
1761592771248 1.0626404285430908 13
1761592771524 1.0550826787948608 14
1761592771785 1.0502959489822388 15
1761592772073 1.0465396642684937 16
1761592772426 1.0503777265548706 17
1761592772751 1.0357311964035034 18
1761592773003 1.0308263301849365 19
1761592773287 1.0389063358306885 20
1761592773513 1.0401842594146729 21
1761592773740 1.0260143280029297 22
1761592773975 1.036455512046814 23
1761592774210 1.039933443069458 24
1761592774445 1.0414210557937622 25
1761592774682 1.0298361778259277 26
1761592774923 1.0185353755950928 27
1761592775151 1.027689814567566 28
1761592775395 1.0371779203414917 29
1761592775681 1.017877459526062 30
1761592776005 1.012013554573059 31
1761592776241 1.0209321975708008 32
1761592776476 1.0232868194580078 33
1761592776731 1.0074056386947632 34
1761592776963 1.01353120803833 35
1761592777193 0.9995086193084717 36
1761592777428 1.0147289037704468 37
1761592777658 1.006040096282959 38
1761592777894 0.9985376596450806 39
1761592768107 1.1202857494354248 0
