1761351121619 0.9376007318496704 0
1761351122196 0.8879439234733582 1
1761351122831 0.5986599922180176 2
1761351123377 0.030180344358086586 3
1761351123969 0.0051461937837302685 4
1761351124517 0.002732494380325079 5
1761351125096 0.0017797142500057817 6
1761351125677 0.0012638503685593605 7
1761351126283 0.000960326346103102 8
1761351126910 0.0007586705032736063 9
1761351127470 0.0006172425928525627 10
1761351128010 0.0005160972359590232 11
1761351128551 0.00043554187868721783 12
1761351129098 0.0003748687740880996 13
1761351129657 0.0003254475013818592 14
1761351121619 0.9376007318496704 0
1761351121619 0.9376007318496704 0
1761351121619 0.9376007318496704 0
