1761352468272 0.7433590292930603 0
1761352469191 0.9867180585861206 1
1761352470067 0.9952870607376099 2
1761352470827 0.9858611822128296 3
1761352471561 0.992716372013092 4
1761352472309 0.9965724349021912 5
1761352473201 0.9914309978485107 6
1761352474009 0.9940016865730286 7
1761352474764 1.0 8
1761352475454 1.0 9
1761352476231 1.0 10
1761352476894 1.0 11
1761352477592 1.0 12
1761352478292 1.0 13
1761352479127 1.0 14
1761352479829 1.0 15
1761352480423 1.0 16
1761352481055 1.0 17
1761352481754 1.0 18
1761352482515 1.0 19
1761352483129 1.0 20
1761352483735 1.0 21
1761352484340 1.0 22
1761352484996 1.0 23
1761352485575 1.0 24
1761352468272 0.7433590292930603 0
1761352492173 1.0 25
1761352468272 0.7433590292930603 0
1761352468272 0.7433590292930603 0
