1761352468272 0.6288162469863892 0
1761352469191 0.06026226654648781 1
1761352470067 0.01880619302392006 2
1761352470827 0.03843989595770836 3
1761352471561 0.022579580545425415 4
1761352472309 0.008821846917271614 5
1761352473201 0.02493305131793022 6
1761352474009 0.021545808762311935 7
1761352474764 0.0007352311513386667 8
1761352475454 0.0002608771319501102 9
1761352476231 0.00019929495465476066 10
1761352476894 0.00016835010319482535 11
1761352477592 0.00014704299974255264 12
1761352478292 0.00013051119458395988 13
1761352479127 0.00011678481678245589 14
1761352479829 0.0001058245325111784 15
1761352480423 9.645961836213246e-05 16
1761352481055 8.826432895148173e-05 17
1761352481754 8.136533870128915e-05 18
1761352482515 7.508797716582194e-05 19
1761352483129 6.964238127693534e-05 20
1761352483735 6.469094660133123e-05 21
1761352484340 6.043198663974181e-05 22
1761352484996 5.6349163060076535e-05 23
1761352485575 5.279944889480248e-05 24
1761352468272 0.6288162469863892 0
1761352492173 0.0002608771319501102 25
1761352468272 0.6288162469863892 0
1761352468272 0.6288162469863892 0
