1761264000492 0.4517212510108948 0
1761264000976 0.21158690750598907 1
1761264001404 0.2766582667827606 2
1761264001839 0.3572627902030945 3
1761264002356 0.18975651264190674 4
1761264002809 0.4068010151386261 5
1761264003247 0.5764063596725464 6
1761264003677 0.21158690750598907 7
1761264004118 0.21326616406440735 8
1761264004648 0.187657430768013 9
1761264005243 0.34466835856437683 10
1761264005757 0.5621326565742493 11
1761264006186 0.44794291257858276 12
1761264006620 0.529806911945343 13
1761264007047 0.6011754870414734 14
1761264000492 0.4517212510108948 0
1761264000492 0.4517212510108948 0
1761264000492 0.4517212510108948 0
