1761264000492 1.156185507774353 0
1761264000976 1.09872567653656 1
1761264001404 1.0988962650299072 2
1761264001839 1.0987117290496826 3
1761264002356 1.0987361669540405 4
1761264002809 1.0987766981124878 5
1761264003247 1.0988483428955078 6
1761264003677 1.0987262725830078 7
1761264004118 1.0987296104431152 8
1761264004648 1.0987468957901 9
1761264005243 1.0986864566802979 10
1761264005757 1.098673939704895 11
1761264006186 1.0986948013305664 12
1761264006620 1.0986803770065308 13
1761264007047 1.098789095878601 14
1761264000492 1.156185507774353 0
1761264000492 1.156185507774353 0
1761264000492 1.156185507774353 0
