1761348996300 0.7594178318977356 0
1761348996580 0.9965753555297852 1
1761348996885 1.0 2
1761348997157 1.0 3
1761348997399 1.0 4
1761348997664 1.0 5
1761348997927 1.0 6
1761348998187 1.0 7
1761348998444 1.0 8
1761348998701 1.0 9
1761348998963 1.0 10
1761348999240 1.0 11
1761348999523 1.0 12
1761348999797 1.0 13
1761349000042 1.0 14
1761349000280 1.0 15
1761349000519 1.0 16
1761349000757 1.0 17
1761349001019 1.0 18
1761349001283 1.0 19
1761349001523 1.0 20
1761349001788 1.0 21
1761349002046 1.0 22
1761349002276 1.0 23
1761349002519 1.0 24
1761349002775 1.0 25
1761349003073 1.0 26
1761349003340 1.0 27
1761349003603 1.0 28
1761349003855 1.0 29
1761349004120 1.0 30
1761349004425 1.0 31
1761349004679 1.0 32
1761349004937 1.0 33
1761349005205 1.0 34
1761349005450 1.0 35
1761349005696 1.0 36
1761349005933 1.0 37
1761349006219 1.0 38
1761349006480 1.0 39
1761349006762 1.0 40
1761349007021 1.0 41
1761349007255 1.0 42
1761349007489 1.0 43
1761349007722 1.0 44
1761349007957 1.0 45
1761349008217 1.0 46
1761349008484 1.0 47
1761349008754 1.0 48
1761349008997 1.0 49
1761349009255 1.0 50
1761349009541 1.0 51
1761349009817 1.0 52
1761349010107 1.0 53
1761349010386 1.0 54
1761349010640 1.0 55
1761349010874 1.0 56
1761349011133 1.0 57
1761349011377 1.0 58
1761349011651 1.0 59
1761349011888 1.0 60
1761349012161 1.0 61
1761349012397 1.0 62
1761349012633 1.0 63
1761349012901 1.0 64
1761349013148 1.0 65
1761349013394 1.0 66
1761349013695 1.0 67
1761349013957 1.0 68
1761349014197 1.0 69
1761349014430 1.0 70
1761349014688 1.0 71
1761349014943 1.0 72
1761349015202 1.0 73
1761349015461 1.0 74
1761349015695 1.0 75
1761349015953 1.0 76
1761349016208 1.0 77
1761349016442 1.0 78
1761349016675 1.0 79
1761349016944 1.0 80
1761349017226 1.0 81
1761349017495 1.0 82
1761349017742 1.0 83
1761349018003 1.0 84
1761349018236 1.0 85
1761349018509 1.0 86
1761349018788 1.0 87
1761349019058 1.0 88
1761349019297 1.0 89
1761349019534 1.0 90
1761349019799 1.0 91
1761349020061 1.0 92
1761349020293 1.0 93
1761349020572 1.0 94
1761349020858 1.0 95
1761349021118 1.0 96
1761349021363 1.0 97
1761349021630 1.0 98
1761349021890 1.0 99
1761348996300 0.7594178318977356 0
1761348996300 0.7594178318977356 0
1761348996300 0.7594178318977356 0
