1761348996300 0.5948158502578735 0
1761348996580 0.0735226422548294 1
1761348996885 0.012270855717360973 2
1761348997157 0.0045699202455580235 3
1761348997399 0.0025059799663722515 4
1761348997664 0.001507389359176159 5
1761348997927 0.001047536381520331 6
1761348998187 0.0007593510672450066 7
1761348998444 0.0005858300719410181 8
1761348998701 0.0004553528851829469 9
1761348998963 0.000366758817108348 10
1761348999240 0.00030078840791247785 11
1761348999523 0.00025152970920316875 12
1761348999797 0.00021561025641858578 13
1761349000042 0.0001826212101150304 14
1761349000280 0.00015749980229884386 15
1761349000519 0.0001377397566102445 16
1761349000757 0.00012056837294949219 17
1761349001019 0.00010682761785574257 18
1761349001283 9.445320029044524e-05 19
1761349001523 8.465272549074143e-05 20
1761349001788 7.61665214668028e-05 21
1761349002046 6.838916306151077e-05 22
1761349002276 6.202010990818962e-05 23
1761349002519 5.6189695897046477e-05 24
1761349002775 5.126008909428492e-05 25
1761349003073 4.682712096837349e-05 26
1761349003340 4.291791992727667e-05 27
1761349003603 3.930089951609261e-05 28
1761349003855 3.6308993003331125e-05 29
1761349004120 3.362955612828955e-05 30
1761349004425 3.095778083661571e-05 31
1761349004679 2.8612032110686414e-05 32
1761349004937 2.6579533368931152e-05 33
1761349005205 2.4723885871935636e-05 34
1761349005450 2.308595139766112e-05 35
1761349005696 2.1488465790753253e-05 36
1761349005933 2.0128351025050506e-05 37
1761349006219 1.866444836196024e-05 38
1761349006480 1.7485030184616335e-05 39
1761349006762 1.633143619983457e-05 40
1761349007021 1.535645787953399e-05 41
1761349007255 1.4364120943355374e-05 42
1761349007489 1.3514439160644542e-05 43
1761349007722 1.2730908565572463e-05 44
1761349007957 1.1928092135349289e-05 45
1761349008217 1.1231882126594428e-05 46
1761349008484 1.060786144080339e-05 47
1761349008754 9.991952538257465e-06 48
1761349008997 9.43571467360016e-06 49
1761349009255 8.906819857656956e-06 50
1761349009541 8.394233191211242e-06 51
1761349009817 7.927989827294368e-06 52
1761349010107 7.508656835852889e-06 53
1761349010386 7.092397936503403e-06 54
1761349010640 6.719789780618157e-06 55
1761349010874 6.376951660058694e-06 56
1761349011133 6.017104624334024e-06 57
1761349011377 5.7123270380543545e-06 58
1761349011651 5.4336010180122685e-06 59
1761349011888 5.16982754561468e-06 60
1761349012161 4.879705102212029e-06 61
1761349012397 4.633445314539131e-06 62
1761349012633 4.404219453135738e-06 63
1761349012901 4.176835773250787e-06 64
1761349013148 3.97491430703667e-06 65
1761349013394 3.773867774725659e-06 66
1761349013695 3.583786565286573e-06 67
1761349013957 3.4098286505468423e-06 68
1761349014197 3.2526102131669177e-06 69
1761349014430 3.087837512794067e-06 70
1761349014688 2.9480668217729544e-06 71
1761349014943 2.7970718292635866e-06 72
1761349015202 2.664344037839328e-06 73
1761349015461 2.544728658904205e-06 74
1761349015695 2.41430097958073e-06 75
1761349015953 2.3031570890452713e-06 76
1761349016208 2.1931377887085546e-06 77
1761349016442 2.0951606529706623e-06 78
1761349016675 1.999991582124494e-06 79
1761349016944 1.9085960047959816e-06 80
1761349017226 1.8169963595937588e-06 81
1761349017495 1.734124225549749e-06 82
1761349017742 1.6522216128578293e-06 83
1761349018003 1.5786351923452457e-06 84
1761349018236 1.505305704085913e-06 85
1761349018509 1.4400878853848553e-06 86
1761349018788 1.3775768366031116e-06 87
1761349019058 1.3104720437695505e-06 88
1761349019297 1.2546956895675976e-06 89
1761349019534 1.1958072718698531e-06 90
1761349019799 1.1396730315027526e-06 91
1761349020061 1.088540216187539e-06 92
1761349020293 1.0418989404570311e-06 93
1761349020572 9.922971457854146e-07 94
1761349020858 9.50247567743645e-07 95
1761349021118 9.07178048237256e-07 96
1761349021363 8.652308451928548e-07 97
1761349021630 8.283864758595882e-07 98
1761349021890 7.920528446447861e-07 99
1761348996300 0.5948158502578735 0
1761348996300 0.5948158502578735 0
1761348996300 0.5948158502578735 0
