1761264086353 0.3476070463657379 0
1761264087455 0.48236775398254395 1
1761264088588 0.4223341643810272 2
1761264089681 0.2628043591976166 3
1761264090686 0.3408900201320648 4
1761264091752 0.4710327386856079 5
1761264092808 0.4857262670993805 6
1761264093914 0.6272040009498596 7
1761264094936 0.22376154363155365 8
1761264095945 0.4819479286670685 9
1761264096961 0.496221661567688 10
1761264097981 0.2099076360464096 11
1761264098987 0.19185557961463928 12
1761264100011 0.3463476002216339 13
1761264101028 0.31276237964630127 14
1761264086353 0.3476070463657379 0
1761264086353 0.3476070463657379 0
1761264086353 0.3476070463657379 0
