1761264086353 1.0987129211425781 0
1761264087455 1.0987545251846313 1
1761264088588 1.0987399816513062 2
1761264089681 1.0987647771835327 3
1761264090686 1.0987160205841064 4
1761264091752 1.0986939668655396 5
1761264092808 1.0987275838851929 6
1761264093914 1.0987008810043335 7
1761264094936 1.0987074375152588 8
1761264095945 1.0987160205841064 9
1761264096961 1.0987190008163452 10
1761264097981 1.0987251996994019 11
1761264098987 1.098681926727295 12
1761264100011 1.0986926555633545 13
1761264101028 1.0987281799316406 14
1761264086353 1.0987129211425781 0
1761264086353 1.0987129211425781 0
1761264086353 1.0987129211425781 0
