1761590008907 0.15943877398967743 0
1761590009554 0.3711734712123871 1
1761590010275 0.4187925159931183 2
1761590010869 0.40646257996559143 3
1761590011484 0.47363945841789246 4
1761590012047 0.4553571343421936 5
1761590012729 0.4740646183490753 6
1761590013419 0.46896257996559143 7
1761590013987 0.47066327929496765 8
1761590014556 0.4957483112812042 9
1761590015128 0.49362245202064514 10
1761590015756 0.5280612111091614 11
1761590016369 0.5136054158210754 12
1761590016933 0.541241466999054 13
1761590017577 0.5352891087532043 14
1761590018170 0.545918345451355 15
1761590018737 0.5399659872055054 16
1761590019307 0.5544217824935913 17
1761590019876 0.5616496801376343 18
1761590020452 0.5654761791229248 19
1761590021107 0.5688775777816772 20
1761590021699 0.581632673740387 21
1761590022267 0.5803571343421936 22
1761590022837 0.5756802558898926 23
1761590023405 0.5897108912467957 24
1761590023976 0.6067177057266235 25
1761590024647 0.579081654548645 26
1761590025251 0.5943877696990967 27
1761590025822 0.6028911471366882 28
1761590026394 0.6041666865348816 29
1761590008907 0.15943877398967743 0
1761590008907 0.15943877398967743 0
1761590008907 0.15943877398967743 0
