1761590008907 1.1004551649093628 0
1761590009554 1.084237813949585 1
1761590010275 1.0631821155548096 2
1761590010869 1.0356048345565796 3
1761590011484 1.0025309324264526 4
1761590012047 0.9717108011245728 5
1761590012729 0.9452917575836182 6
1761590013419 0.9213417768478394 7
1761590013987 0.8914936184883118 8
1761590014556 0.8495277762413025 9
1761590015128 0.8379539251327515 10
1761590015756 0.8066954016685486 11
1761590016369 0.7764540910720825 12
1761590016933 0.7614261507987976 13
1761590017577 0.7438532114028931 14
1761590018170 0.7161890864372253 15
1761590018737 0.7051692605018616 16
1761590019307 0.6875235438346863 17
1761590019876 0.6613145470619202 18
1761590020452 0.6584457159042358 19
1761590021107 0.6426212191581726 20
1761590021699 0.6232951879501343 21
1761590022267 0.6273773312568665 22
1761590022837 0.6366936564445496 23
1761590023405 0.5948640704154968 24
1761590023976 0.5542523860931396 25
1761590024647 0.5714243054389954 26
1761590025251 0.5834437012672424 27
1761590025822 0.5883106589317322 28
1761590026394 0.5657491087913513 29
1761590008907 1.1004551649093628 0
1761590008907 1.1004551649093628 0
1761590008907 1.1004551649093628 0
