1761591992675 0.3303571343421936 0
1761591993160 0.2750850319862366 1
1761591993629 0.3354591727256775 2
1761591994070 0.3482142984867096 3
1761591994531 0.3443877696990967 4
1761591995014 0.2670068144798279 5
1761591995491 0.317176878452301 6
1761591995870 0.34863945841789246 7
1761591996262 0.3167516887187958 8
1761591996720 0.3282313048839569 9
1761591997137 0.34566327929496765 10
1761591997510 0.3363095223903656 11
1761591997883 0.30697280168533325 12
1761591998295 0.364370733499527 13
1761591998727 0.3354591727256775 14
1761591999179 0.36777210235595703 15
1761591999591 0.3499149680137634 16
1761592000003 0.33078232407569885 17
1761592000445 0.363095223903656 18
1761592000857 0.3392857015132904 19
1761592001272 0.39030611515045166 20
1761592001692 0.38137754797935486 21
1761592002146 0.38137754797935486 22
1761592002575 0.3941326439380646 23
1761592002949 0.4068877696990967 24
1761592003316 0.379676878452301 25
1761592003689 0.39923468232154846 26
1761592004055 0.4047619104385376 27
1761592004428 0.3988095223903656 28
1761592004835 0.38818028569221497 29
1761592005203 0.39923468232154846 30
1761592005636 0.4196428656578064 31
1761592006035 0.40816327929496765 32
1761592006460 0.43494898080825806 33
1761592006836 0.39158162474632263 34
1761592007208 0.4115646183490753 35
1761592007571 0.42091837525367737 36
1761592007966 0.41113945841789246 37
1761592008424 0.41624149680137634 38
1761592008858 0.43494898080825806 39
1761591992675 0.3303571343421936 0
