1761591992675 1.1147236824035645 0
1761591993160 1.1016031503677368 1
1761591993629 1.1044130325317383 2
1761591994070 1.100813865661621 3
1761591994531 1.0942806005477905 4
1761591995014 1.0835511684417725 5
1761591995491 1.0822256803512573 6
1761591995870 1.0756897926330566 7
1761591996262 1.0777732133865356 8
1761591996720 1.073723554611206 9
1761591997137 1.0681331157684326 10
1761591997510 1.069600224494934 11
1761591997883 1.0578547716140747 12
1761591998295 1.053344488143921 13
1761591998727 1.0548455715179443 14
1761591999179 1.0406450033187866 15
1761591999591 1.0609506368637085 16
1761592000003 1.0600851774215698 17
1761592000445 1.0436663627624512 18
1761592000857 1.0545473098754883 19
1761592001272 1.0540499687194824 20
1761592001692 1.035499930381775 21
1761592002146 1.0345220565795898 22
1761592002575 1.0282477140426636 23
1761592002949 1.0302273035049438 24
1761592003316 1.0279163122177124 25
1761592003689 1.0240346193313599 26
1761592004055 1.0240731239318848 27
1761592004428 1.0204459428787231 28
1761592004835 1.0197890996932983 29
1761592005203 1.013720989227295 30
1761592005636 1.0111730098724365 31
1761592006035 1.0192835330963135 32
1761592006460 1.0046348571777344 33
1761592006836 1.0053057670593262 34
1761592007208 1.0032507181167603 35
1761592007571 0.9989004135131836 36
1761592007966 0.9914463758468628 37
1761592008424 1.010716438293457 38
1761592008858 0.9961149096488953 39
1761591992675 1.1147236824035645 0
