1761589955911 0.3473639488220215 0
1761589956442 0.2946428656578064 1
1761589957000 0.2797619104385376 2
1761589957524 0.36352041363716125 3
1761589958100 0.2750850319862366 4
1761589958556 0.3511904776096344 5
1761589959010 0.3375850319862366 6
1761589959471 0.30399659276008606 7
1761589959975 0.3452380895614624 8
1761589960429 0.33801019191741943 9
1761589960986 0.3890306055545807 10
1761589961526 0.3405612111091614 11
1761589961993 0.3324829936027527 12
1761589962494 0.39158162474632263 13
1761589962968 0.34481292963027954 14
1761589963429 0.35161563754081726 15
1761589963886 0.36352041363716125 16
1761589964365 0.3907313048839569 17
1761589964895 0.379676878452301 18
1761589965373 0.3562925159931183 19
1761589965824 0.4107142984867096 20
1761589966279 0.39158162474632263 21
1761589966732 0.3860544264316559 22
1761589967190 0.3860544264316559 23
1761589967646 0.3988095223903656 24
1761589968166 0.4323979616165161 25
1761589968685 0.3920068144798279 26
1761589969143 0.3886054456233978 27
1761589969602 0.41496598720550537 28
1761589970055 0.40136054158210754 29
1761589970508 0.39710885286331177 30
1761589970961 0.42984694242477417 31
1761589971429 0.40221089124679565 32
1761589971969 0.4085884392261505 33
1761589972454 0.4017857015132904 34
1761589972903 0.4502550959587097 35
1761589973358 0.4107142984867096 36
1761589974012 0.41539114713668823 37
1761589974473 0.4196428656578064 38
1761589974947 0.4000850319862366 39
1761589955911 0.3473639488220215 0
1761589955911 0.3473639488220215 0
1761589955911 0.3473639488220215 0
