1761589955911 1.118363857269287 0
1761589956442 1.1043142080307007 1
1761589957000 1.102875828742981 2
1761589957524 1.1017452478408813 3
1761589958100 1.097983479499817 4
1761589958556 1.0870829820632935 5
1761589959010 1.0845099687576294 6
1761589959471 1.0791553258895874 7
1761589959975 1.0775439739227295 8
1761589960429 1.0733028650283813 9
1761589960986 1.0695769786834717 10
1761589961526 1.0822107791900635 11
1761589961993 1.0682580471038818 12
1761589962494 1.0483665466308594 13
1761589962968 1.0599231719970703 14
1761589963429 1.0683351755142212 15
1761589963886 1.0420904159545898 16
1761589964365 1.0488399267196655 17
1761589964895 1.0367975234985352 18
1761589965373 1.038851022720337 19
1761589965824 1.036754846572876 20
1761589966279 1.0548334121704102 21
1761589966732 1.0345649719238281 22
1761589967190 1.0322496891021729 23
1761589967646 1.0385137796401978 24
1761589968166 1.0331952571868896 25
1761589968685 1.0267770290374756 26
1761589969143 1.0511292219161987 27
1761589969602 1.0286847352981567 28
1761589970055 1.0230166912078857 29
1761589970508 1.01698637008667 30
1761589970961 1.0214512348175049 31
1761589971429 1.017174243927002 32
1761589971969 1.0167737007141113 33
1761589972454 1.0288598537445068 34
1761589972903 1.0102622509002686 35
1761589973358 1.0156968832015991 36
1761589974012 1.011666178703308 37
1761589974473 1.0094804763793945 38
1761589974947 1.006508708000183 39
1761589955911 1.118363857269287 0
1761589955911 1.118363857269287 0
1761589955911 1.118363857269287 0
