1761262731520 0.18849706649780273 0
1761262732708 0.2653232514858246 1
1761262733860 0.186397984623909 2
1761262734959 0.3165407180786133 3
1761262736153 0.31444165110588074 4
1761262737360 0.3085642457008362 5
1761262738600 0.18178001046180725 6
1761262739724 0.367758184671402 7
1761262740932 0.18849706649780273 8
1761262742000 0.30478590726852417 9
1761262743095 0.17926111817359924 10
1761262744126 0.191435769200325 11
1761262745186 0.5701091289520264 12
1761262746496 0.5717884302139282 13
1761262747539 0.25272879004478455 14
1761262731520 0.18849706649780273 0
1761262731520 0.18849706649780273 0
1761262731520 0.18849706649780273 0
