1761262731520 1.0987043380737305 0
1761262732708 1.0987087488174438 1
1761262733860 1.0987191200256348 2
1761262734959 1.0987629890441895 3
1761262736153 1.0986777544021606 4
1761262737360 1.0987143516540527 5
1761262738600 1.0987032651901245 6
1761262739724 1.0987104177474976 7
1761262740932 1.0986859798431396 8
1761262742000 1.0986945629119873 9
1761262743095 1.098738431930542 10
1761262744126 1.098709225654602 11
1761262745186 1.0987157821655273 12
1761262746496 1.0986697673797607 13
1761262747539 1.098734974861145 14
1761262731520 1.0987043380737305 0
1761262731520 1.0987043380737305 0
1761262731520 1.0987043380737305 0
