1761357784865 0.4946921467781067 0
1761357785769 0.5855626463890076 1
1761357786695 0.637367308139801 2
1761357787513 0.6819533109664917 3
1761357788369 0.6709129214286804 4
1761357789240 0.6522293090820312 5
1761357790054 0.6573248505592346 6
1761357790873 0.7053078413009644 7
1761357791701 0.7099787592887878 8
1761357792599 0.7231422662734985 9
1761357793418 0.7222930192947388 10
1761357794241 0.7146496772766113 11
1761357795058 0.731634795665741 12
1761357795920 0.7660297155380249 13
1761357796756 0.7193205952644348 14
1761357784865 0.4946921467781067 0
1761357784865 0.4946921467781067 0
1761357784865 0.4946921467781067 0
