1761357784865 1.1003659963607788 0
1761357785769 0.9924103021621704 1
1761357786695 0.9981549978256226 2
1761357787513 0.9604814648628235 3
1761357788369 0.9274466037750244 4
1761357789240 0.9163307547569275 5
1761357790054 0.8808738589286804 6
1761357790873 0.8377436995506287 7
1761357791701 0.8222770094871521 8
1761357792599 0.7742874026298523 9
1761357793418 0.7113590240478516 10
1761357794241 0.724767804145813 11
1761357795058 0.6731082201004028 12
1761357795920 0.6014919877052307 13
1761357796756 0.6825452446937561 14
1761357784865 1.1003659963607788 0
1761357784865 1.1003659963607788 0
1761357784865 1.1003659963607788 0
