1761590444615 0.48469388484954834 0
1761590445269 0.4889455735683441 1
1761590446003 0.41113945841789246 2
1761590446650 0.4217686951160431 3
1761590447270 0.42984694242477417 4
1761590447885 0.4332483112812042 5
1761590448615 0.4426020383834839 6
1761590449221 0.4532313048839569 7
1761590449845 0.4723639488220215 8
1761590450421 0.45960885286331177 9
1761590451054 0.4851190447807312 10
1761590451674 0.49277210235595703 11
1761590452255 0.49957484006881714 12
1761590452887 0.5110543966293335 13
1761590453482 0.545918345451355 14
1761590454046 0.5306122303009033 15
1761590454625 0.5284863710403442 16
1761590455191 0.5378401279449463 17
1761590455773 0.5582482814788818 18
1761590456430 0.5514456033706665 19
1761590457029 0.5667517185211182 20
1761590457598 0.555272102355957 21
1761590458167 0.5603741407394409 22
1761590458729 0.5761054158210754 23
1761590459300 0.5782312750816345 24
1761590459960 0.5841836929321289 25
1761590460585 0.6050170063972473 26
1761590461153 0.6075680255889893 27
1761590461718 0.5948129296302795 28
1761590462280 0.6092687249183655 29
1761590444615 0.48469388484954834 0
1761590444615 0.48469388484954834 0
1761590444615 0.48469388484954834 0
