1761590444615 1.1020675897598267 0
1761590445269 1.0918570756912231 1
1761590446003 1.0806808471679688 2
1761590446650 1.0495374202728271 3
1761590447270 1.022416114807129 4
1761590447885 0.990074634552002 5
1761590448615 0.9679641127586365 6
1761590449221 0.9281192421913147 7
1761590449845 0.9059656858444214 8
1761590450421 0.8711627721786499 9
1761590451054 0.8444432616233826 10
1761590451674 0.8476898074150085 11
1761590452255 0.7876485586166382 12
1761590452887 0.7717652916908264 13
1761590453482 0.7282663583755493 14
1761590454046 0.7281328439712524 15
1761590454625 0.6909665465354919 16
1761590455191 0.6651044487953186 17
1761590455773 0.6302152276039124 18
1761590456430 0.6260175704956055 19
1761590457029 0.593028724193573 20
1761590457598 0.6144987344741821 21
1761590458167 0.6255286335945129 22
1761590458729 0.6002823710441589 23
1761590459300 0.5691269636154175 24
1761590459960 0.5541256666183472 25
1761590460585 0.5383919477462769 26
1761590461153 0.5407962799072266 27
1761590461718 0.5548491477966309 28
1761590462280 0.5271572470664978 29
1761590444615 1.1020675897598267 0
1761590444615 1.1020675897598267 0
1761590444615 1.1020675897598267 0
