1761345495020 0.3203190565109253 0
1761345496264 0.38497060537338257 1
1761345497576 0.2766582667827606 2
1761345498755 0.33375313878059387 3
1761345499968 0.3161208927631378 4
1761345501195 0.3110831379890442 5
1761345502367 0.3270361125469208 6
1761345503557 0.33417296409606934 7
1761345504734 0.1994122564792633 8
1761345505912 0.32619646191596985 9
1761345507073 0.30016791820526123 10
1761345508282 0.34298908710479736 11
1761345509481 0.32745590806007385 12
1761345510659 0.43240973353385925 13
1761345511822 0.2833753228187561 14
1761345495020 0.3203190565109253 0
1761345495020 0.3203190565109253 0
1761345495020 0.3203190565109253 0
