1761345495020 1.1407561302185059 0
1761345496264 1.1064002513885498 1
1761345497576 1.1087713241577148 2
1761345498755 1.1036297082901 3
1761345499968 1.1086808443069458 4
1761345501195 1.1071155071258545 5
1761345502367 1.1017372608184814 6
1761345503557 1.1046994924545288 7
1761345504734 1.1026721000671387 8
1761345505912 1.1009708642959595 9
1761345507073 1.104187250137329 10
1761345508282 1.103192925453186 11
1761345509481 1.1010591983795166 12
1761345510659 1.1027642488479614 13
1761345511822 1.105102777481079 14
1761345495020 1.1407561302185059 0
1761345495020 1.1407561302185059 0
1761345495020 1.1407561302185059 0
