1761258797149 0.18052056431770325 0
1761258797501 0.18136020004749298 1
1761258797757 0.18136020004749298 2
1761258798014 0.18136020004749298 3
1761258798274 0.18136020004749298 4
1761258798530 0.18136020004749298 5
1761258798850 0.18136020004749298 6
1761258799140 0.18136020004749298 7
1761258799396 0.18136020004749298 8
1761258799654 0.18136020004749298 9
1761258799909 0.18136020004749298 10
1761258800165 0.18136020004749298 11
1761258800425 0.18136020004749298 12
1761258800692 0.18136020004749298 13
1761258800951 0.18136020004749298 14
1761258801207 0.18136020004749298 15
1761258797149 0.18052056431770325 0
1761258810433 0.18052056431770325 16
1761258797149 0.18052056431770325 0
1761258797149 0.18052056431770325 0
