1761590390481 0.3205782175064087 0
1761590391050 0.255952388048172 1
1761590391607 0.38265305757522583 2
1761590392105 0.306547611951828 3
1761590392641 0.28103742003440857 4
1761590393180 0.26615646481513977 5
1761590393675 0.42602041363716125 6
1761590394169 0.2818877696990967 7
1761590394669 0.27636054158210754 8
1761590395226 0.3176020383834839 9
1761590395730 0.33078232407569885 10
1761590396189 0.3405612111091614 11
1761590396725 0.3316326439380646 12
1761590397215 0.3562925159931183 13
1761590397688 0.34566327929496765 14
1761590398155 0.35884353518486023 15
1761590398711 0.364370733499527 16
1761590399268 0.34268707036972046 17
1761590399750 0.35841837525367737 18
1761590400281 0.37670066952705383 19
1761590400753 0.370323121547699 20
1761590401222 0.38137754797935486 21
1761590401677 0.37244898080825806 22
1761590402216 0.39030611515045166 23
1761590402737 0.3788265287876129 24
1761590403198 0.37840136885643005 25
1761590403707 0.3839285671710968 26
1761590404173 0.386904776096344 27
1761590404639 0.38945579528808594 28
1761590405118 0.4039115607738495 29
1761590405582 0.3958333432674408 30
1761590406055 0.39753401279449463 31
1761590406647 0.3728741407394409 32
1761590407136 0.41496598720550537 33
1761590407594 0.4039115607738495 34
1761590408052 0.4145408272743225 35
1761590408536 0.3886054456233978 36
1761590408992 0.40136054158210754 37
1761590409456 0.4068877696990967 38
1761590409985 0.4128401279449463 39
1761590390481 0.3205782175064087 0
1761590390481 0.3205782175064087 0
1761590390481 0.3205782175064087 0
