1761590390481 1.1126645803451538 0
1761590391050 1.1077771186828613 1
1761590391607 1.1000224351882935 2
1761590392105 1.0972371101379395 3
1761590392641 1.096718430519104 4
1761590393180 1.0871039628982544 5
1761590393675 1.0831218957901 6
1761590394169 1.0918550491333008 7
1761590394669 1.07568359375 8
1761590395226 1.0713751316070557 9
1761590395730 1.070104718208313 10
1761590396189 1.067060112953186 11
1761590396725 1.0662086009979248 12
1761590397215 1.0539913177490234 13
1761590397688 1.0548577308654785 14
1761590398155 1.0553359985351562 15
1761590398711 1.0518839359283447 16
1761590399268 1.056220293045044 17
1761590399750 1.0481529235839844 18
1761590400281 1.0434651374816895 19
1761590400753 1.0605355501174927 20
1761590401222 1.0429587364196777 21
1761590401677 1.0500710010528564 22
1761590402216 1.0323163270950317 23
1761590402737 1.0334219932556152 24
1761590403198 1.031911849975586 25
1761590403707 1.0381306409835815 26
1761590404173 1.036939024925232 27
1761590404639 1.0289075374603271 28
1761590405118 1.0277113914489746 29
1761590405582 1.0220811367034912 30
1761590406055 1.0210251808166504 31
1761590406647 1.025861382484436 32
1761590407136 1.0126967430114746 33
1761590407594 1.0230647325515747 34
1761590408052 1.0136995315551758 35
1761590408536 1.022886037826538 36
1761590408992 1.010835886001587 37
1761590409456 1.0104426145553589 38
1761590409985 1.0147424936294556 39
1761590390481 1.1126645803451538 0
1761590390481 1.1126645803451538 0
1761590390481 1.1126645803451538 0
