1761349062538 0.596746563911438 0
1761349063085 0.7765411138534546 1
1761349063618 0.9708904027938843 2
1761349064229 0.9910102486610413 3
1761349064775 0.9965753555297852 4
1761349065305 0.9948630332946777 5
1761349065810 0.9982876777648926 6
1761349066346 1.0 7
1761349066901 1.0 8
1761349067497 1.0 9
1761349068037 1.0 10
1761349068554 1.0 11
1761349069129 1.0 12
1761349069738 1.0 13
1761349070265 1.0 14
1761349062538 0.596746563911438 0
1761349062538 0.596746563911438 0
1761349062538 0.596746563911438 0
