1761349062538 0.9346452355384827 0
1761349063085 0.5753020644187927 1
1761349063618 0.11481380462646484 2
1761349064229 0.03761601448059082 3
1761349064775 0.020621715113520622 4
1761349065305 0.0208615530282259 5
1761349065810 0.00849144347012043 6
1761349066346 0.0020487557630985975 7
1761349066901 0.0014850012958049774 8
1761349067497 0.0011258642189204693 9
1761349068037 0.0009178206673823297 10
1761349068554 0.0007857086602598429 11
1761349069129 0.0006444447790272534 12
1761349069738 0.0005690226098522544 13
1761349070265 0.00048813800094649196 14
1761349062538 0.9346452355384827 0
1761349062538 0.9346452355384827 0
1761349062538 0.9346452355384827 0
