1761592430950 0.3533163368701935 0
1761592431232 0.3333333432674408 1
1761592431503 0.3460884392261505 2
1761592431768 0.3639455735683441 3
1761592432018 0.3341836631298065 4
1761592432349 0.33886054158210754 5
1761592432639 0.35841837525367737 6
1761592432898 0.34566327929496765 7
1761592433165 0.33801019191741943 8
1761592433448 0.385629266500473 9
1761592433698 0.34948980808258057 10
1761592433952 0.3613945543766022 11
1761592434208 0.3669217824935913 12
1761592434457 0.3852040767669678 13
1761592434700 0.35459184646606445 14
1761592434950 0.37457484006881714 15
1761592435193 0.39625850319862366 16
1761592435439 0.37755101919174194 17
1761592435679 0.35969388484954834 18
1761592435922 0.3771258592605591 19
1761592436164 0.4166666567325592 20
1761592436450 0.41326531767845154 21
1761592436760 0.380952388048172 22
1761592437028 0.4175170063972473 23
1761592437295 0.3988095223903656 24
1761592437554 0.39710885286331177 25
1761592437807 0.4136904776096344 26
1761592438048 0.4047619104385376 27
1761592438286 0.40221089124679565 28
1761592438561 0.41921767592430115 29
1761592438805 0.4098639488220215 30
1761592439048 0.4107142984867096 31
1761592439296 0.42006802558898926 32
1761592439540 0.4277210831642151 33
1761592439786 0.4345238208770752 34
1761592440052 0.39753401279449463 35
1761592440372 0.43792515993118286 36
1761592440635 0.41921767592430115 37
1761592440879 0.4196428656578064 38
1761592441130 0.42304420471191406 39
1761592430950 0.3533163368701935 0
