1761592430950 1.1331859827041626 0
1761592431232 1.134609341621399 1
1761592431503 1.1055601835250854 2
1761592431768 1.1163431406021118 3
1761592432018 1.085991382598877 4
1761592432349 1.097792387008667 5
1761592432639 1.0746972560882568 6
1761592432898 1.0879682302474976 7
1761592433165 1.07784104347229 8
1761592433448 1.0691473484039307 9
1761592433698 1.070025086402893 10
1761592433952 1.0529645681381226 11
1761592434208 1.0686450004577637 12
1761592434457 1.0521107912063599 13
1761592434700 1.0697698593139648 14
1761592434950 1.058876872062683 15
1761592435193 1.040363073348999 16
1761592435439 1.058559775352478 17
1761592435679 1.046368956565857 18
1761592435922 1.0568124055862427 19
1761592436164 1.0365979671478271 20
1761592436450 1.037251353263855 21
1761592436760 1.0365291833877563 22
1761592437028 1.0440210103988647 23
1761592437295 1.0372881889343262 24
1761592437554 1.0227018594741821 25
1761592437807 1.0422803163528442 26
1761592438048 1.0358316898345947 27
1761592438286 1.018920660018921 28
1761592438561 1.0331740379333496 29
1761592438805 1.024045467376709 30
1761592439048 1.0282952785491943 31
1761592439296 1.0237624645233154 32
1761592439540 1.0156145095825195 33
1761592439786 1.0134891271591187 34
1761592440052 1.0204819440841675 35
1761592440372 1.0074700117111206 36
1761592440635 1.0112338066101074 37
1761592440879 1.0058423280715942 38
1761592441130 1.0158928632736206 39
1761592430950 1.1331859827041626 0
