1761352448607 0.6635908484458923 0
1761352448950 0.09924522042274475 1
1761352449216 0.014631961472332478 2
1761352449487 0.00528945354744792 3
1761352449746 0.0028392458334565163 4
1761352449982 0.0017883282853290439 5
1761352450218 0.0012197751784697175 6
1761352450487 0.0009079651790671051 7
1761352450751 0.0006851603975519538 8
1761352450989 0.0005395334446802735 9
1761352451250 0.0004315394617151469 10
1761352451553 0.0003557129530236125 11
1761352451847 0.00029859511414542794 12
1761352452110 0.0002528925833757967 13
1761352452354 0.0002155354741262272 14
1761352448607 0.6635908484458923 0
1761352448607 0.6635908484458923 0
1761352448607 0.6635908484458923 0
