1761353301976 0.9375 0
1761353302658 0.9447773694992065 1
1761353303209 0.9447773694992065 2
1761353303826 0.9447773694992065 3
1761353304350 0.9443492889404297 4
1761353304885 0.9447773694992065 5
1761353305419 0.9452054500579834 6
1761353305974 0.9464897513389587 7
1761353306641 0.957619845867157 8
1761353307292 0.9820205569267273 9
1761353307842 0.9914383292198181 10
1761353308394 0.9978595972061157 11
1761353308893 1.0 12
1761353309463 1.0 13
1761353310143 1.0 14
1761353301976 0.9375 0
1761353301976 0.9375 0
1761353301976 0.9375 0
