1761353301976 0.3031006157398224 0
1761353302658 0.23990680277347565 1
1761353303209 0.23096510767936707 2
1761353303826 0.22842910885810852 3
1761353304350 0.22000639140605927 4
1761353304885 0.21800531446933746 5
1761353305419 0.19936518371105194 6
1761353305974 0.17849546670913696 7
1761353306641 0.1318875253200531 8
1761353307292 0.06457550078630447 9
1761353307842 0.02734815701842308 10
1761353308394 0.009156271815299988 11
1761353308893 0.0033033934887498617 12
1761353309463 0.0015677881892770529 13
1761353310143 0.001157302875071764 14
1761353301976 0.3031006157398224 0
1761353301976 0.3031006157398224 0
1761353301976 0.3031006157398224 0
