1761590665719 0.32695579528808594 0
1761590666098 0.3176020383834839 1
1761590666476 0.30909863114356995 2
1761590666887 0.35671767592430115 3
1761590667299 0.3533163368701935 4
1761590667745 0.3222789168357849 5
1761590668118 0.34863945841789246 6
1761590668499 0.3341836631298065 7
1761590668827 0.3261054456233978 8
1761590669159 0.3499149680137634 9
1761590669486 0.3482142984867096 10
1761590669826 0.3554421663284302 11
1761590670205 0.3571428656578064 12
1761590670605 0.35459184646606445 13
1761590671000 0.36649659276008606 14
1761590671318 0.3384353816509247 15
1761590671695 0.3465135991573334 16
1761590672067 0.34863945841789246 17
1761590672391 0.37755101919174194 18
1761590672713 0.34948980808258057 19
1761590673034 0.3669217824935913 20
1761590673360 0.36267006397247314 21
1761590673743 0.3898809552192688 22
1761590674141 0.3966836631298065 23
1761590674548 0.38137754797935486 24
1761590674869 0.37329933047294617 25
1761590675191 0.38945579528808594 26
1761590675515 0.36054420471191406 27
1761590675908 0.4179421663284302 28
1761590676273 0.40816327929496765 29
1761590676638 0.39158162474632263 30
1761590676994 0.39158162474632263 31
1761590677357 0.38435372710227966 32
1761590677808 0.4094387888908386 33
1761590678156 0.38435372710227966 34
1761590678476 0.3966836631298065 35
1761590678803 0.40136054158210754 36
1761590679127 0.40646257996559143 37
1761590679456 0.4039115607738495 38
1761590679794 0.4323979616165161 39
1761590680121 0.39328232407569885 40
1761590680477 0.4009353816509247 41
1761590680825 0.4158163368701935 42
1761590681250 0.3886054456233978 43
1761590681675 0.42814627289772034 44
1761590681998 0.4085884392261505 45
1761590682320 0.4094387888908386 46
1761590682640 0.42219388484954834 47
1761590682960 0.40646257996559143 48
1761590683281 0.4238945543766022 49
1761590683604 0.3937074840068817 50
1761590683931 0.41496598720550537 51
1761590684327 0.4323979616165161 52
1761590684738 0.4094387888908386 53
1761590685124 0.42134353518486023 54
1761590685448 0.40603742003440857 55
1761590685771 0.40816327929496765 56
1761590686093 0.4107142984867096 57
1761590686416 0.40731292963027954 58
1761590686741 0.4039115607738495 59
1761590665719 0.32695579528808594 0
1761590665719 0.32695579528808594 0
1761590665719 0.32695579528808594 0
