1761590665719 1.1613115072250366 0
1761590666098 1.1408771276474 1
1761590666476 1.1176440715789795 2
1761590666887 1.1199637651443481 3
1761590667299 1.1042912006378174 4
1761590667745 1.1067559719085693 5
1761590668118 1.1013191938400269 6
1761590668499 1.1024936437606812 7
1761590668827 1.0857417583465576 8
1761590669159 1.0908527374267578 9
1761590669486 1.0693724155426025 10
1761590669826 1.0773423910140991 11
1761590670205 1.055061936378479 12
1761590670605 1.0639556646347046 13
1761590671000 1.0560017824172974 14
1761590671318 1.0645774602890015 15
1761590671695 1.0726947784423828 16
1761590672067 1.0537587404251099 17
1761590672391 1.043269157409668 18
1761590672713 1.0706998109817505 19
1761590673034 1.067435383796692 20
1761590673360 1.0410884618759155 21
1761590673743 1.0468400716781616 22
1761590674141 1.0390421152114868 23
1761590674548 1.0453965663909912 24
1761590674869 1.0517878532409668 25
1761590675191 1.041094422340393 26
1761590675515 1.0415772199630737 27
1761590675908 1.0365451574325562 28
1761590676273 1.0376421213150024 29
1761590676638 1.024338960647583 30
1761590676994 1.0342381000518799 31
1761590677357 1.0210436582565308 32
1761590677808 1.035119652748108 33
1761590678156 1.0337895154953003 34
1761590678476 1.030300259590149 35
1761590678803 1.0314533710479736 36
1761590679127 1.0136797428131104 37
1761590679456 1.006912350654602 38
1761590679794 1.0142393112182617 39
1761590680121 1.0261720418930054 40
1761590680477 1.0088809728622437 41
1761590680825 1.0250880718231201 42
1761590681250 0.999106764793396 43
1761590681675 1.0144133567810059 44
1761590681998 1.0106239318847656 45
1761590682320 1.014050006866455 46
1761590682640 1.0094387531280518 47
1761590682960 1.0366853475570679 48
1761590683281 0.9978166222572327 49
1761590683604 1.001274585723877 50
1761590683931 1.0070915222167969 51
1761590684327 1.007696509361267 52
1761590684738 0.9937608242034912 53
1761590685124 1.0042136907577515 54
1761590685448 1.0040425062179565 55
1761590685771 0.9975612163543701 56
1761590686093 0.9981577396392822 57
1761590686416 1.0021249055862427 58
1761590686741 0.9818626046180725 59
1761590665719 1.1613115072250366 0
1761590665719 1.1613115072250366 0
1761590665719 1.1613115072250366 0
