1761345372549 0.18136020004749298 0
1761345373113 0.18136020004749298 1
1761345373604 0.18136020004749298 2
1761345374179 0.18136020004749298 3
1761345374765 0.18136020004749298 4
1761345375244 0.18136020004749298 5
1761345375716 0.18136020004749298 6
1761345376190 0.18136020004749298 7
1761345376661 0.18136020004749298 8
1761345377138 0.18136020004749298 9
1761345377620 0.18136020004749298 10
1761345378096 0.18136020004749298 11
1761345378591 0.18136020004749298 12
1761345379070 0.18136020004749298 13
1761345379553 0.18136020004749298 14
1761345380049 0.18136020004749298 15
1761345372549 0.18136020004749298 0
1761345395583 0.18136020004749298 16
1761345372549 0.18136020004749298 0
1761345372549 0.18136020004749298 0
