1761351096267 0.9471766352653503 0
1761351096882 0.7564969062805176 1
1761351097521 0.056853797286748886 2
1761351098225 0.003269512439146638 3
1761351098912 0.0017557983519509435 4
1761351099572 0.0011386163532733917 5
1761351100275 0.000805090123321861 6
1761351100934 0.0006036573904566467 7
1761351101632 0.00047092357999645174 8
1761351102452 0.00037899971357546747 9
1761351103064 0.00031182577367872 10
1761351103675 0.0002615906414575875 11
1761351104294 0.00022241669648792595 12
1761351104977 0.00019156716007273644 13
1761351105611 0.0001671371137490496 14
1761351096267 0.9471766352653503 0
1761351096267 0.9471766352653503 0
1761351096267 0.9471766352653503 0
