1761590118375 0.38350340723991394 0
1761590118939 0.4030612111091614 1
1761590119597 0.40433672070503235 2
1761590120250 0.4183673560619354 3
1761590120851 0.4217686951160431 4
1761590121349 0.4175170063972473 5
1761590121902 0.4294217824935913 6
1761590122521 0.45578232407569885 7
1761590123156 0.4842686951160431 8
1761590123671 0.4664115607738495 9
1761590124219 0.5004251599311829 10
1761590124716 0.4910714328289032 11
1761590125211 0.4970238208770752 12
1761590125708 0.49362245202064514 13
1761590126253 0.5025510191917419 14
1761590126901 0.5344387888908386 15
1761590127435 0.5450680255889893 16
1761590127941 0.519132673740387 17
1761590128442 0.5480442047119141 18
1761590128941 0.5663265585899353 19
1761590129438 0.5450680255889893 20
1761590130005 0.5522959232330322 21
1761590130646 0.5633503198623657 22
1761590131184 0.5620748400688171 23
1761590131698 0.5522959232330322 24
1761590132197 0.567176878452301 25
1761590132695 0.5833333134651184 26
1761590133198 0.5858843326568604 27
1761590133836 0.5739796161651611 28
1761590134402 0.5756802558898926 29
1761590134904 0.5807822942733765 30
1761590135410 0.6143707633018494 31
1761590135936 0.5858843326568604 32
1761590136431 0.5977891087532043 33
1761590136961 0.6194728016853333 34
1761590137591 0.6007652878761292 35
1761590138125 0.6198979616165161 36
1761590138632 0.6381802558898926 37
1761590139131 0.6160714030265808 38
1761590139630 0.6284013390541077 39
1761590140130 0.6356292366981506 40
1761590140687 0.6356292366981506 41
1761590141334 0.6313775777816772 42
1761590141860 0.6420068144798279 43
1761590142360 0.6428571343421936 44
1761590142856 0.6458333134651184 45
1761590143356 0.6479591727256775 46
1761590143851 0.648809552192688 47
1761590144424 0.6432822942733765 48
1761590145020 0.6479591727256775 49
1761590118375 0.38350340723991394 0
1761590118375 0.38350340723991394 0
1761590118375 0.38350340723991394 0
