1761590118375 1.1265288591384888 0
1761590118939 1.077988862991333 1
1761590119597 1.0452311038970947 2
1761590120250 1.0009822845458984 3
1761590120851 0.9778667688369751 4
1761590121349 0.9548488259315491 5
1761590121902 0.910551130771637 6
1761590122521 0.9027250409126282 7
1761590123156 0.8301672339439392 8
1761590123671 0.8769820928573608 9
1761590124219 0.8267228603363037 10
1761590124716 0.8211632370948792 11
1761590125211 0.8077272176742554 12
1761590125708 0.7904083728790283 13
1761590126253 0.754448413848877 14
1761590126901 0.7473516464233398 15
1761590127435 0.7034419775009155 16
1761590127941 0.7298774123191833 17
1761590128442 0.6852041482925415 18
1761590128941 0.6894046664237976 19
1761590129438 0.6730669140815735 20
1761590130005 0.6715419292449951 21
1761590130646 0.6528609991073608 22
1761590131184 0.6738897562026978 23
1761590131698 0.6717572212219238 24
1761590132197 0.6264350414276123 25
1761590132695 0.626780092716217 26
1761590133198 0.6382936239242554 27
1761590133836 0.6316569447517395 28
1761590134402 0.6505348682403564 29
1761590134904 0.62510085105896 30
1761590135410 0.5734165906906128 31
1761590135936 0.6317698955535889 32
1761590136431 0.5975041389465332 33
1761590136961 0.5835848450660706 34
1761590137591 0.600705087184906 35
1761590138125 0.5442844033241272 36
1761590138632 0.5348405838012695 37
1761590139131 0.5725886225700378 38
1761590139630 0.5802960991859436 39
1761590140130 0.5479236245155334 40
1761590140687 0.5528644323348999 41
1761590141334 0.5442482829093933 42
1761590141860 0.5732778310775757 43
1761590142360 0.5320304036140442 44
1761590142856 0.5546281933784485 45
1761590143356 0.521395206451416 46
1761590143851 0.5212945938110352 47
1761590144424 0.5388992428779602 48
1761590145020 0.5219321250915527 49
1761590118375 1.1265288591384888 0
1761590118375 1.1265288591384888 0
1761590118375 1.1265288591384888 0
