1761590991121 0.3801020383834839 0
1761590991697 0.370323121547699 1
1761590992425 0.3860544264316559 2
1761590993081 0.4094387888908386 3
1761590993656 0.42304420471191406 4
1761590994214 0.40731292963027954 5
1761590994792 0.4404761791229248 6
1761590995584 0.4583333432674408 7
1761590996152 0.44472789764404297 8
1761590996725 0.46853742003440857 9
1761590997259 0.4672619104385376 10
1761590997831 0.4957483112812042 11
1761590998368 0.5136054158210754 12
1761590999090 0.48554420471191406 13
1761590999657 0.5178571343421936 14
1761591000238 0.509353756904602 15
1761591000837 0.5225340127944946 16
1761591001513 0.5318877696990967 17
1761591002131 0.5327380895614624 18
1761591002837 0.5365646481513977 19
1761591003402 0.5493197441101074 20
1761591003945 0.543367326259613 21
1761591004450 0.5467687249183655 22
1761591004955 0.5544217824935913 23
1761591005478 0.5633503198623657 24
1761591006191 0.5586734414100647 25
1761591006752 0.569727897644043 26
1761591007262 0.5875850319862366 27
1761591007772 0.5884353518486023 28
1761591008287 0.5875850319862366 29
1761591008799 0.601190447807312 30
1761591009384 0.5931122303009033 31
1761591009997 0.6003401279449463 32
1761591010523 0.6071428656578064 33
1761591011066 0.6028911471366882 34
1761591011615 0.6305271983146667 35
1761591012119 0.6075680255889893 36
1761591012648 0.632227897644043 37
1761591013282 0.632227897644043 38
1761591013834 0.6347789168357849 39
1761591014337 0.6352040767669678 40
1761591014845 0.6241496801376343 41
1761591015349 0.6543367505073547 42
1761591015894 0.6500850319862366 43
1761591016464 0.644132673740387 44
1761591017085 0.6734693646430969 45
1761591017586 0.6577380895614624 46
1761591018095 0.6658163070678711 47
1761591018603 0.6645408272743225 48
1761591019109 0.6700680255889893 49
1761590991121 0.3801020383834839 0
1761590991121 0.3801020383834839 0
1761590991121 0.3801020383834839 0
