1761590991121 1.1085641384124756 0
1761590991697 1.0626648664474487 1
1761590992425 1.0483626127243042 2
1761590993081 1.0054638385772705 3
1761590993656 0.9619773030281067 4
1761590994214 0.9794039726257324 5
1761590994792 0.9172454476356506 6
1761590995584 0.8989911675453186 7
1761590996152 0.8688033223152161 8
1761590996725 0.8453755378723145 9
1761590997259 0.8380575180053711 10
1761590997831 0.7931005954742432 11
1761590998368 0.7637251019477844 12
1761590999090 0.78494793176651 13
1761590999657 0.760414719581604 14
1761591000238 0.7679076194763184 15
1761591000837 0.7240549921989441 16
1761591001513 0.7135366201400757 17
1761591002131 0.7083457708358765 18
1761591002837 0.6744747161865234 19
1761591003402 0.7192516326904297 20
1761591003945 0.6724280714988708 21
1761591004450 0.6924471855163574 22
1761591004955 0.6508920788764954 23
1761591005478 0.6577388644218445 24
1761591006191 0.6418516635894775 25
1761591006752 0.6397942900657654 26
1761591007262 0.650840699672699 27
1761591007772 0.6435011029243469 28
1761591008287 0.6361373662948608 29
1761591008799 0.6032715439796448 30
1761591009384 0.6200616359710693 31
1761591009997 0.584475040435791 32
1761591010523 0.5840153098106384 33
1761591011066 0.6182615160942078 34
1761591011615 0.5805935859680176 35
1761591012119 0.5845981240272522 36
1761591012648 0.5419264435768127 37
1761591013282 0.5559577941894531 38
1761591013834 0.5225537419319153 39
1761591014337 0.5575314164161682 40
1761591014845 0.5628745555877686 41
1761591015349 0.5264873504638672 42
1761591015894 0.541205883026123 43
1761591016464 0.5225782990455627 44
1761591017085 0.49374404549598694 45
1761591017586 0.5314838290214539 46
1761591018095 0.5425195693969727 47
1761591018603 0.5238305330276489 48
1761591019109 0.5220873951911926 49
1761590991121 1.1085641384124756 0
1761590991121 1.1085641384124756 0
1761590991121 1.1085641384124756 0
