1761345410898 0.18136020004749298 0
1761345411467 0.18136020004749298 1
1761345411955 0.18136020004749298 2
1761345412433 0.18136020004749298 3
1761345412984 0.18136020004749298 4
1761345413453 0.18136020004749298 5
1761345413918 0.18136020004749298 6
1761345414391 0.18136020004749298 7
1761345414871 0.18136020004749298 8
1761345415370 0.18136020004749298 9
1761345415895 0.18136020004749298 10
1761345416361 0.18136020004749298 11
1761345416823 0.18136020004749298 12
1761345417288 0.18136020004749298 13
1761345417757 0.18136020004749298 14
1761345410898 0.18136020004749298 0
1761345410898 0.18136020004749298 0
1761345410898 0.18136020004749298 0
