1761360460043 0.4263269603252411 0
1761360460911 0.5515923500061035 1
1761360461785 0.4874734580516815 2
1761360462652 0.6250531077384949 3
1761360463707 0.6237791776657104 4
1761360464495 0.581316351890564 5
1761360465380 0.6488322615623474 6
1761360466164 0.6301486492156982 7
1761360467022 0.6721868515014648 8
1761360467811 0.6713376045227051 9
1761360468610 0.6535031795501709 10
1761360469414 0.6581740975379944 11
1761360470203 0.6921443939208984 12
1761360470989 0.6832271814346313 13
1761360471764 0.6963906288146973 14
1761360472541 0.6989384293556213 15
1761360473321 0.6861995458602905 16
1761360474102 0.6849256753921509 17
1761360474879 0.7154989242553711 18
1761360475665 0.7129511833190918 19
1761360476441 0.7133758068084717 20
1761360477236 0.7273885607719421 21
1761360478028 0.7312101721763611 22
1761360460043 0.4263269603252411 0
1761360490196 0.6301486492156982 23
1761360460043 0.4263269603252411 0
1761360460043 0.4263269603252411 0
