1761360460043 1.099669337272644 0
1761360460911 1.0630016326904297 1
1761360461785 1.0406357049942017 2
1761360462652 1.019153356552124 3
1761360463707 0.9902783036231995 4
1761360464495 0.9726637005805969 5
1761360465380 0.931956946849823 6
1761360466164 0.9145963788032532 7
1761360467022 0.8633609414100647 8
1761360467811 0.8347152471542358 9
1761360468610 0.8173670768737793 10
1761360469414 0.7877758145332336 11
1761360470203 0.756232500076294 12
1761360470989 0.7205495238304138 13
1761360471764 0.7077221274375916 14
1761360472541 0.65420001745224 15
1761360473321 0.6402970552444458 16
1761360474102 0.6450265645980835 17
1761360474879 0.585236668586731 18
1761360475665 0.5671095848083496 19
1761360476441 0.5447098612785339 20
1761360477236 0.5129530429840088 21
1761360478028 0.5023580193519592 22
1761360460043 1.099669337272644 0
1761360490196 0.9145963788032532 23
1761360460043 1.099669337272644 0
1761360460043 1.099669337272644 0
