1761589772806 0.33588436245918274 0
1761589773182 0.364370733499527 1
1761589773511 0.3443877696990967 2
1761589773885 0.35246598720550537 3
1761589774254 0.3312074840068817 4
1761589774711 0.3375850319862366 5
1761589775076 0.3154761791229248 6
1761589775403 0.37244898080825806 7
1761589775725 0.3333333432674408 8
1761589776050 0.36862245202064514 9
1761589776375 0.3511904776096344 10
1761589776746 0.3720238208770752 11
1761589777072 0.3669217824935913 12
1761589777403 0.3490646183490753 13
1761589777765 0.35246598720550537 14
1761589778216 0.37542515993118286 15
1761589778644 0.3669217824935913 16
1761589778968 0.3579931855201721 17
1761589779289 0.36267006397247314 18
1761589779615 0.3571428656578064 19
1761589779939 0.3788265287876129 20
1761589780261 0.3779761791229248 21
1761589780585 0.37755101919174194 22
1761589780911 0.3541666567325592 23
1761589781265 0.38732993602752686 24
1761589781691 0.39158162474632263 25
1761589782066 0.3852040767669678 26
1761589782396 0.363095223903656 27
1761589782719 0.39158162474632263 28
1761589783089 0.39710885286331177 29
1761589783416 0.38732993602752686 30
1761589783740 0.3966836631298065 31
1761589784061 0.41921767592430115 32
1761589784382 0.386904776096344 33
1761589784728 0.41624149680137634 34
1761589785164 0.39158162474632263 35
1761589785559 0.4234693944454193 36
1761589785896 0.4000850319862366 37
1761589786217 0.4183673560619354 38
1761589786585 0.39328232407569885 39
1761589786928 0.432823121547699 40
1761589787278 0.3907313048839569 41
1761589787600 0.3958333432674408 42
1761589787933 0.4056122303009033 43
1761589788280 0.41113945841789246 44
1761589788706 0.4115646183490753 45
1761589789169 0.4234693944454193 46
1761589789548 0.39753401279449463 47
1761589789885 0.41028910875320435 48
1761589790209 0.4098639488220215 49
1761589790532 0.4107142984867096 50
1761589790852 0.4179421663284302 51
1761589791203 0.40136054158210754 52
1761589791524 0.4306972920894623 53
1761589791845 0.41113945841789246 54
1761589792205 0.42517006397247314 55
1761589792615 0.4085884392261505 56
1761589792985 0.4285714328289032 57
1761589793305 0.42134353518486023 58
1761589793628 0.41921767592430115 59
1761589772806 0.33588436245918274 0
1761589772806 0.33588436245918274 0
1761589772806 0.33588436245918274 0
