1761589772806 1.1480249166488647 0
1761589773182 1.1271342039108276 1
1761589773511 1.1195919513702393 2
1761589773885 1.1129859685897827 3
1761589774254 1.1137926578521729 4
1761589774711 1.1038569211959839 5
1761589775076 1.1014496088027954 6
1761589775403 1.0851837396621704 7
1761589775725 1.078763723373413 8
1761589776050 1.0785351991653442 9
1761589776375 1.0808639526367188 10
1761589776746 1.0717049837112427 11
1761589777072 1.0674715042114258 12
1761589777403 1.0687395334243774 13
1761589777765 1.0663237571716309 14
1761589778216 1.052318811416626 15
1761589778644 1.073046088218689 16
1761589778968 1.0592877864837646 17
1761589779289 1.0546830892562866 18
1761589779615 1.065779209136963 19
1761589779939 1.053168535232544 20
1761589780261 1.0539321899414062 21
1761589780585 1.0558414459228516 22
1761589780911 1.0406734943389893 23
1761589781265 1.0378025770187378 24
1761589781691 1.0474059581756592 25
1761589782066 1.0585404634475708 26
1761589782396 1.049736738204956 27
1761589782719 1.0410118103027344 28
1761589783089 1.0399996042251587 29
1761589783416 1.0346386432647705 30
1761589783740 1.0274749994277954 31
1761589784061 1.0276076793670654 32
1761589784382 1.0350803136825562 33
1761589784728 1.026394248008728 34
1761589785164 1.0288903713226318 35
1761589785559 1.024649977684021 36
1761589785896 1.0197155475616455 37
1761589786217 1.0311675071716309 38
1761589786585 1.0191658735275269 39
1761589786928 1.0322437286376953 40
1761589787278 1.0128607749938965 41
1761589787600 1.0180429220199585 42
1761589787933 1.008665680885315 43
1761589788280 1.0148675441741943 44
1761589788706 1.019338607788086 45
1761589789169 1.0223703384399414 46
1761589789548 1.0052859783172607 47
1761589789885 1.0238442420959473 48
1761589790209 1.0047329664230347 49
1761589790532 1.007706880569458 50
1761589790852 1.0101717710494995 51
1761589791203 1.0008740425109863 52
1761589791524 1.024106502532959 53
1761589791845 1.0084497928619385 54
1761589792205 1.0051199197769165 55
1761589792615 0.9923648834228516 56
1761589792985 1.013022541999817 57
1761589793305 0.9993402361869812 58
1761589793628 1.0030848979949951 59
1761589772806 1.1480249166488647 0
1761589772806 1.1480249166488647 0
1761589772806 1.1480249166488647 0
