1761592018972 0.35841837525367737 0
1761592019269 0.4247449040412903 1
1761592019532 0.4187925159931183 2
1761592019798 0.3928571343421936 3
1761592020135 0.42899659276008606 4
1761592020423 0.41624149680137634 5
1761592020745 0.4659864008426666 6
1761592021015 0.4574829936027527 7
1761592021315 0.48681971430778503 8
1761592021580 0.49277210235595703 9
1761592021851 0.494047611951828 10
1761592022118 0.5017006993293762 11
1761592022410 0.49149659276008606 12
1761592022673 0.5012755393981934 13
1761592022939 0.5327380895614624 14
1761592023204 0.5148809552192688 15
1761592023470 0.5573979616165161 16
1761592023743 0.5323129296302795 17
1761592024053 0.5676020383834839 18
1761592024372 0.5510203838348389 19
1761592024666 0.5684523582458496 20
1761592024976 0.5654761791229248 21
1761592025277 0.5748299360275269 22
1761592025540 0.5795068144798279 23
1761592025835 0.5888605713844299 24
1761592026126 0.5731292366981506 25
1761592026419 0.6075680255889893 26
1761592026705 0.6071428656578064 27
1761592026996 0.6016156673431396 28
1761592027313 0.6028911471366882 29
1761592027693 0.5897108912467957 30
1761592028010 0.625 31
1761592028298 0.6126700639724731 32
1761592028588 0.6143707633018494 33
1761592028872 0.6237244606018066 34
1761592029158 0.629676878452301 35
1761592029438 0.6232993006706238 36
1761592029738 0.6088435649871826 37
1761592030048 0.6445578336715698 38
1761592030347 0.636904776096344 39
1761592030629 0.6577380895614624 40
1761592030952 0.6505101919174194 41
1761592031307 0.6526360511779785 42
1761592031603 0.6500850319862366 43
1761592031891 0.668367326259613 44
1761592032193 0.6675170063972473 45
1761592032486 0.6611394286155701 46
1761592032749 0.6526360511779785 47
1761592033015 0.670918345451355 48
1761592033298 0.6602891087532043 49
1761592018972 0.35841837525367737 0
