1761592018972 1.1010010242462158 0
1761592019269 1.0422639846801758 1
1761592019532 1.0317760705947876 2
1761592019798 1.014947772026062 3
1761592020135 0.9834479689598083 4
1761592020423 0.956500232219696 5
1761592020745 0.9129884839057922 6
1761592021015 0.9056451320648193 7
1761592021315 0.8583821654319763 8
1761592021580 0.8349878787994385 9
1761592021851 0.8069910407066345 10
1761592022118 0.7920370101928711 11
1761592022410 0.795263409614563 12
1761592022673 0.7846760749816895 13
1761592022939 0.7581640481948853 14
1761592023204 0.7285663485527039 15
1761592023470 0.6880894899368286 16
1761592023743 0.7103076577186584 17
1761592024053 0.6709669232368469 18
1761592024372 0.6987934708595276 19
1761592024666 0.6913530826568604 20
1761592024976 0.676771879196167 21
1761592025277 0.6643630266189575 22
1761592025540 0.6407584547996521 23
1761592025835 0.633160412311554 24
1761592026126 0.6479887962341309 25
1761592026419 0.6045547127723694 26
1761592026705 0.5752202272415161 27
1761592026996 0.629231870174408 28
1761592027313 0.5796191096305847 29
1761592027693 0.6217857599258423 30
1761592028010 0.5530546307563782 31
1761592028298 0.5573926568031311 32
1761592028588 0.5811334848403931 33
1761592028872 0.5723147988319397 34
1761592029158 0.575355052947998 35
1761592029438 0.5769095420837402 36
1761592029738 0.5828773975372314 37
1761592030048 0.5412514805793762 38
1761592030347 0.56002277135849 39
1761592030629 0.5279097557067871 40
1761592030952 0.5272848010063171 41
1761592031307 0.5391808152198792 42
1761592031603 0.5329975485801697 43
1761592031891 0.5269468426704407 44
1761592032193 0.5282082557678223 45
1761592032486 0.536034882068634 46
1761592032749 0.5332356691360474 47
1761592033015 0.5255077481269836 48
1761592033298 0.5172120928764343 49
1761592018972 1.1010010242462158 0
