1761352958520 0.30066439509391785 0
1761352958824 0.17098362743854523 1
1761352959089 0.056881073862314224 2
1761352959363 0.008025187067687511 3
1761352959639 0.002714947797358036 4
1761352959909 0.0013393278932198882 5
1761352960174 0.0008004498085938394 6
1761352960438 0.0005213045515120029 7
1761352960699 0.00036867870949208736 8
1761352960956 0.0002760858624242246 9
1761352961242 0.00021354711498133838 10
1761352961544 0.00016952618898358196 11
1761352961809 0.00013778178254142404 12
1761352962063 0.00011345829261699691 13
1761352962319 9.550764661980793e-05 14
1761352958520 0.30066439509391785 0
1761352958520 0.30066439509391785 0
1761352958520 0.30066439509391785 0
