1761592345753 0.3252550959587097 0
1761592346040 0.3711734712123871 1
1761592346330 0.2729591727256775 2
1761592346588 0.2716836631298065 3
1761592346838 0.35246598720550537 4
1761592347094 0.3460884392261505 5
1761592347322 0.39838436245918274 6
1761592347567 0.29209184646606445 7
1761592347803 0.318452388048172 8
1761592348032 0.324404776096344 9
1761592348262 0.37457484006881714 10
1761592348502 0.3499149680137634 11
1761592348727 0.3163265287876129 12
1761592348997 0.33971089124679565 13
1761592349232 0.39923468232154846 14
1761592349492 0.36054420471191406 15
1761592349743 0.34353742003440857 16
1761592350047 0.38137754797935486 17
1761592350269 0.36649659276008606 18
1761592350493 0.41028910875320435 19
1761592350717 0.3660714328289032 20
1761592350944 0.39243197441101074 21
1761592351187 0.3996598720550537 22
1761592351421 0.4094387888908386 23
1761592351646 0.3554421663284302 24
1761592351897 0.3979591727256775 25
1761592352123 0.39030611515045166 26
1761592352361 0.42006802558898926 27
1761592352605 0.35969388484954834 28
1761592352828 0.3839285671710968 29
1761592353070 0.3988095223903656 30
1761592353324 0.40518707036972046 31
1761592353598 0.39838436245918274 32
1761592353831 0.42006802558898926 33
1761592354060 0.4030612111091614 34
1761592354283 0.4128401279449463 35
1761592354505 0.4179421663284302 36
1761592354754 0.40051019191741943 37
1761592355008 0.42814627289772034 38
1761592355248 0.4187925159931183 39
1761592345753 0.3252550959587097 0
