1761592345753 1.108591079711914 0
1761592346040 1.105912446975708 1
1761592346330 1.1074868440628052 2
1761592346588 1.0972079038619995 3
1761592346838 1.0952385663986206 4
1761592347094 1.0925077199935913 5
1761592347322 1.0864334106445312 6
1761592347567 1.082139253616333 7
1761592347803 1.0754746198654175 8
1761592348032 1.072114109992981 9
1761592348262 1.056128740310669 10
1761592348502 1.064669132232666 11
1761592348727 1.0612534284591675 12
1761592348997 1.0694488286972046 13
1761592349232 1.0568830966949463 14
1761592349492 1.0517140626907349 15
1761592349743 1.0460331439971924 16
1761592350047 1.053637146949768 17
1761592350269 1.0437242984771729 18
1761592350493 1.0379648208618164 19
1761592350717 1.0401352643966675 20
1761592350944 1.0403621196746826 21
1761592351187 1.0391048192977905 22
1761592351421 1.0337811708450317 23
1761592351646 1.0337172746658325 24
1761592351897 1.0383760929107666 25
1761592352123 1.0227371454238892 26
1761592352361 1.0406396389007568 27
1761592352605 1.0491994619369507 28
1761592352828 1.034388780593872 29
1761592353070 1.0342466831207275 30
1761592353324 1.027889370918274 31
1761592353598 1.0261971950531006 32
1761592353831 1.0165542364120483 33
1761592354060 1.012908697128296 34
1761592354283 1.0105273723602295 35
1761592354505 1.0148429870605469 36
1761592354754 0.9998058080673218 37
1761592355008 1.0129117965698242 38
1761592355248 1.0047980546951294 39
1761592345753 1.108591079711914 0
