1761592830556 0.38647958636283875 0
1761592830855 0.39158162474632263 1
1761592831161 0.3988095223903656 2
1761592831433 0.39625850319862366 3
1761592831731 0.42219388484954834 4
1761592832017 0.4413265287876129 5
1761592832291 0.44472789764404297 6
1761592832589 0.46981292963027954 7
1761592832919 0.47363945841789246 8
1761592833229 0.4553571343421936 9
1761592833497 0.46471089124679565 10
1761592833758 0.4812925159931183 11
1761592834031 0.49149659276008606 12
1761592834299 0.5131802558898926 13
1761592834594 0.5272108912467957 14
1761592834854 0.5170068144798279 15
1761592835114 0.5250850319862366 16
1761592835415 0.5391156673431396 17
1761592835680 0.545918345451355 18
1761592835965 0.5446428656578064 19
1761592836282 0.5323129296302795 20
1761592836563 0.545918345451355 21
1761592836839 0.5739796161651611 22
1761592837102 0.5518707633018494 23
1761592837369 0.5773809552192688 24
1761592837652 0.5603741407394409 25
1761592837915 0.5693027377128601 26
1761592838184 0.5812074542045593 27
1761592838442 0.5735543966293335 28
1761592838700 0.5994898080825806 29
1761592838968 0.5858843326568604 30
1761592839235 0.5892857313156128 31
1761592839517 0.6147959232330322 32
1761592839831 0.6033163070678711 33
1761592840094 0.605867326259613 34
1761592840358 0.6096938848495483 35
1761592840638 0.6220238208770752 36
1761592840904 0.6271258592605591 37
1761592841172 0.6245748400688171 38
1761592841435 0.6181972622871399 39
1761592830556 0.38647958636283875 0
