1761592830556 1.1247670650482178 0
1761592830855 1.0817168951034546 1
1761592831161 1.0562715530395508 2
1761592831433 1.0141959190368652 3
1761592831731 1.0153656005859375 4
1761592832017 0.9573498964309692 5
1761592832291 0.9229316115379333 6
1761592832589 0.8996828198432922 7
1761592832919 0.8733168840408325 8
1761592833229 0.8700700402259827 9
1761592833497 0.8536834120750427 10
1761592833758 0.8243216872215271 11
1761592834031 0.802497386932373 12
1761592834299 0.7857575416564941 13
1761592834594 0.7289863228797913 14
1761592834854 0.7609778046607971 15
1761592835114 0.7250761389732361 16
1761592835415 0.7053112983703613 17
1761592835680 0.6939972043037415 18
1761592835965 0.6863336563110352 19
1761592836282 0.7020588517189026 20
1761592836563 0.7068390846252441 21
1761592836839 0.6428395509719849 22
1761592837102 0.6581400036811829 23
1761592837369 0.6487512588500977 24
1761592837652 0.6663974523544312 25
1761592837915 0.6383488178253174 26
1761592838184 0.6148989796638489 27
1761592838442 0.6194122433662415 28
1761592838700 0.5912675261497498 29
1761592838968 0.6574874520301819 30
1761592839235 0.5915066003799438 31
1761592839517 0.5926607251167297 32
1761592839831 0.5841149091720581 33
1761592840094 0.6039347648620605 34
1761592840358 0.5842003226280212 35
1761592840638 0.5426022410392761 36
1761592840904 0.5457020401954651 37
1761592841172 0.5707178711891174 38
1761592841435 0.5884787440299988 39
1761592830556 1.1247670650482178 0
