1761352913653 0.9246575236320496 0
1761352913953 0.9464897513389587 1
1761352914246 0.985873281955719 2
1761352914533 1.0 3
1761352914805 1.0 4
1761352915082 1.0 5
1761352915363 1.0 6
1761352915627 1.0 7
1761352915895 1.0 8
1761352916156 1.0 9
1761352916421 1.0 10
1761352916684 1.0 11
1761352916949 1.0 12
1761352917221 1.0 13
1761352917550 1.0 14
1761352917888 1.0 15
1761352918183 1.0 16
1761352918467 1.0 17
1761352918739 1.0 18
1761352919009 1.0 19
1761352919280 1.0 20
1761352919543 1.0 21
1761352919809 1.0 22
1761352920079 1.0 23
1761352920344 1.0 24
1761352920606 1.0 25
1761352920878 1.0 26
1761352921172 1.0 27
1761352921479 1.0 28
1761352921748 1.0 29
1761352922017 1.0 30
1761352922278 1.0 31
1761352922549 1.0 32
1761352922831 1.0 33
1761352923098 1.0 34
1761352923365 1.0 35
1761352923632 1.0 36
1761352923906 1.0 37
1761352924168 1.0 38
1761352924434 1.0 39
1761352924735 1.0 40
1761352925044 1.0 41
1761352925330 1.0 42
1761352925596 1.0 43
1761352925859 1.0 44
1761352926102 1.0 45
1761352926366 1.0 46
1761352926634 1.0 47
1761352926909 1.0 48
1761352927176 1.0 49
1761352927440 1.0 50
1761352927706 1.0 51
1761352927980 1.0 52
1761352928281 1.0 53
1761352928576 1.0 54
1761352928851 1.0 55
1761352929119 1.0 56
1761352929385 1.0 57
1761352929651 1.0 58
1761352929922 1.0 59
1761352930188 1.0 60
1761352930458 1.0 61
1761352930720 1.0 62
1761352930980 1.0 63
1761352931217 1.0 64
1761352931541 1.0 65
1761352931848 1.0 66
1761352932156 1.0 67
1761352932425 1.0 68
1761352932686 1.0 69
1761352932955 1.0 70
1761352933218 1.0 71
1761352933485 1.0 72
1761352933751 1.0 73
1761352934021 1.0 74
1761352934292 1.0 75
1761352934562 1.0 76
1761352934841 1.0 77
1761352935109 1.0 78
1761352935403 1.0 79
1761352935714 1.0 80
1761352935994 1.0 81
1761352936277 1.0 82
1761352936540 1.0 83
1761352936809 1.0 84
1761352937072 1.0 85
1761352937340 1.0 86
1761352937612 1.0 87
1761352937872 1.0 88
1761352938138 1.0 89
1761352938403 1.0 90
1761352938674 1.0 91
1761352938973 1.0 92
1761352939287 1.0 93
1761352939559 1.0 94
1761352939822 1.0 95
1761352940101 1.0 96
1761352940372 1.0 97
1761352940640 1.0 98
1761352940911 1.0 99
1761352913653 0.9246575236320496 0
1761352913653 0.9246575236320496 0
1761352913653 0.9246575236320496 0
