1761352913653 0.31795838475227356 0
1761352913953 0.19642707705497742 1
1761352914246 0.053145553916692734 2
1761352914533 0.0023272891994565725 3
1761352914805 0.0007652508211322129 4
1761352915082 0.00045933114597573876 5
1761352915363 0.00028955141897313297 6
1761352915627 0.00020898388174828142 7
1761352915895 0.0001587845617905259 8
1761352916156 0.00012483772297855467 9
1761352916421 9.752689220476896e-05 10
1761352916684 7.811185787431896e-05 11
1761352916949 6.388439214788377e-05 12
1761352917221 5.318299736245535e-05 13
1761352917550 4.4213811634108424e-05 14
1761352917888 3.731719698407687e-05 15
1761352918183 3.179772829753347e-05 16
1761352918467 2.7384892746340483e-05 17
1761352918739 2.374701034568716e-05 18
1761352919009 2.0773199139512144e-05 19
1761352919280 1.8239756172988564e-05 20
1761352919543 1.6146377674886025e-05 21
1761352919809 1.4346444004331715e-05 22
1761352920079 1.2808006431441754e-05 23
1761352920344 1.1495889339130372e-05 24
1761352920606 1.035222794598667e-05 25
1761352920878 9.37992717808811e-06 26
1761352921172 8.50685864861589e-06 27
1761352921479 7.762311724945903e-06 28
1761352921748 7.0631926973874215e-06 29
1761352922017 6.4923005993478e-06 30
1761352922278 5.968519872112665e-06 31
1761352922549 5.469685220305109e-06 32
1761352922831 5.0421649575582705e-06 33
1761352923098 4.66501933260588e-06 34
1761352923365 4.315157639211975e-06 35
1761352923632 4.010308657598216e-06 36
1761352923906 3.7174058888922445e-06 37
1761352924168 3.463992015895201e-06 38
1761352924434 3.226552507840097e-06 39
1761352924735 3.0093187888269313e-06 40
1761352925044 2.8147437660663854e-06 41
1761352925330 2.63139327216777e-06 42
1761352925596 2.4683502033440163e-06 43
1761352925859 2.3103621060727164e-06 44
1761352926102 2.171765345337917e-06 45
1761352926366 2.0379632132971892e-06 46
1761352926634 1.916360361065017e-06 47
1761352926909 1.806031264095509e-06 48
1761352927176 1.694887828307401e-06 49
1761352927440 1.5976745544321602e-06 50
1761352927706 1.5106168120837538e-06 51
1761352927980 1.4274875184128177e-06 52
1761352928281 1.3460942227538908e-06 53
1761352928576 1.2701610785370576e-06 54
1761352928851 1.2024430589008261e-06 55
1761352929119 1.13559349301795e-06 56
1761352929385 1.0737441016317462e-06 57
1761352929651 1.0194981996392016e-06 58
1761352929922 9.658140243118396e-07 59
1761352930188 9.12486598281248e-07 60
1761352930458 8.673756042298919e-07 61
1761352930720 8.213457363126508e-07 62
1761352930980 7.815415870027209e-07 63
1761352931217 7.431661970258574e-07 64
1761352931541 7.0392377438111e-07 65
1761352931848 6.669262120340136e-07 66
1761352932156 6.346236318677256e-07 67
1761352932425 6.026781989021401e-07 68
1761352932686 5.730801717618306e-07 69
1761352932955 5.441456210064644e-07 70
1761352933218 5.190893830331333e-07 71
1761352933485 4.938800657328102e-07 72
1761352933751 4.70048632905673e-07 73
1761352934021 4.4611496718971466e-07 74
1761352934292 4.259066486156371e-07 75
1761352934562 4.0569827319814067e-07 76
1761352934841 3.861533741655876e-07 77
1761352935109 3.694151189392869e-07 78
1761352935403 3.522688132306939e-07 79
1761352935714 3.3507129160170734e-07 80
1761352935994 3.190474444636493e-07 81
1761352936277 3.0475868584289856e-07 82
1761352936540 2.8990871214773506e-07 83
1761352936809 2.767426110494853e-07 84
1761352937072 2.6495445126784034e-07 85
1761352937340 2.5306417228421196e-07 86
1761352937612 2.415821143131325e-07 87
1761352937872 2.2999802240519784e-07 88
1761352938138 2.1948564210561017e-07 89
1761352938403 2.0948351675542654e-07 90
1761352938674 2.0024684488362254e-07 91
1761352938973 1.9024473374429363e-07 92
1761352939287 1.8223283859697403e-07 93
1761352939559 1.7452708789278404e-07 94
1761352939822 1.6748478515182796e-07 95
1761352940101 1.6008526415589586e-07 96
1761352940372 1.5288982524452877e-07 97
1761352940640 1.4594959907299199e-07 98
1761352940911 1.394175939140041e-07 99
1761352913653 0.31795838475227356 0
1761352913653 0.31795838475227356 0
1761352913653 0.31795838475227356 0
