1761345446241 0.25524768233299255 0
1761345447619 0.3043660819530487 1
1761345449057 0.2703610360622406 2
1761345450445 0.3123425841331482 3
1761345451838 0.3266162872314453 4
1761345453205 0.37447524070739746 5
1761345454545 0.2686817944049835 6
1761345455847 0.29303106665611267 7
1761345457149 0.31444165110588074 8
1761345458442 0.31989923119544983 9
1761345459751 0.25902602076530457 10
1761345461077 0.3568429946899414 11
1761345462366 0.36146095395088196 12
1761345463664 0.3623005747795105 13
1761345464963 0.3660789132118225 14
1761345446241 0.25524768233299255 0
1761345446241 0.25524768233299255 0
1761345446241 0.25524768233299255 0
