1761345446241 1.156273365020752 0
1761345447619 1.1103005409240723 1
1761345449057 1.109961748123169 2
1761345450445 1.1052621603012085 3
1761345451838 1.1019675731658936 4
1761345453205 1.1048552989959717 5
1761345454545 1.1060789823532104 6
1761345455847 1.109267234802246 7
1761345457149 1.1089454889297485 8
1761345458442 1.1070839166641235 9
1761345459751 1.1084033250808716 10
1761345461077 1.106726050376892 11
1761345462366 1.1050777435302734 12
1761345463664 1.1052827835083008 13
1761345464963 1.105115294456482 14
1761345446241 1.156273365020752 0
1761345446241 1.156273365020752 0
1761345446241 1.156273365020752 0
