1761592042073 0.33460885286331177 0
1761592042352 0.3273809552192688 1
1761592042599 0.3422619104385376 2
1761592042843 0.31802719831466675 3
1761592043098 0.35884353518486023 4
1761592043345 0.3133503496646881 5
1761592043618 0.35246598720550537 6
1761592043855 0.36649659276008606 7
1761592044106 0.35374149680137634 8
1761592044373 0.3295068144798279 9
1761592044671 0.37627550959587097 10
1761592044913 0.31972789764404297 11
1761592045158 0.3920068144798279 12
1761592045402 0.35884353518486023 13
1761592045649 0.3852040767669678 14
1761592045906 0.36054420471191406 15
1761592046188 0.36649659276008606 16
1761592046449 0.3707483112812042 17
1761592046731 0.39710885286331177 18
1761592046994 0.3886054456233978 19
1761592047273 0.3860544264316559 20
1761592047549 0.3937074840068817 21
1761592047836 0.3958333432674408 22
1761592048141 0.4077380895614624 23
1761592048391 0.38222789764404297 24
1761592048634 0.40051019191741943 25
1761592048874 0.39625850319862366 26
1761592049112 0.4077380895614624 27
1761592049352 0.40816327929496765 28
1761592049595 0.4128401279449463 29
1761592049855 0.41028910875320435 30
1761592050104 0.4026360511779785 31
1761592050360 0.443452388048172 32
1761592050605 0.41624149680137634 33
1761592050855 0.41709184646606445 34
1761592051105 0.4413265287876129 35
1761592051370 0.4009353816509247 36
1761592051681 0.4145408272743225 37
1761592051932 0.42219388484954834 38
1761592052185 0.41411563754081726 39
1761592052435 0.4264455735683441 40
1761592052690 0.4090135991573334 41
1761592052954 0.4115646183490753 42
1761592053201 0.41028910875320435 43
1761592053440 0.4375 44
1761592053681 0.40816327929496765 45
1761592053926 0.4323979616165161 46
1761592054198 0.43707484006881714 47
1761592054476 0.42219388484954834 48
1761592054725 0.3920068144798279 49
1761592042073 0.33460885286331177 0
