1761592042073 1.16053307056427 0
1761592042352 1.116102933883667 1
1761592042599 1.131780982017517 2
1761592042843 1.1183980703353882 3
1761592043098 1.0959781408309937 4
1761592043345 1.088998556137085 5
1761592043618 1.0922335386276245 6
1761592043855 1.0821113586425781 7
1761592044106 1.0652132034301758 8
1761592044373 1.0707875490188599 9
1761592044671 1.0703498125076294 10
1761592044913 1.0891224145889282 11
1761592045158 1.0702296495437622 12
1761592045402 1.0545755624771118 13
1761592045649 1.055825114250183 14
1761592045906 1.062508463859558 15
1761592046188 1.0560603141784668 16
1761592046449 1.04478120803833 17
1761592046731 1.0513701438903809 18
1761592046994 1.0339568853378296 19
1761592047273 1.0377291440963745 20
1761592047549 1.0493968725204468 21
1761592047836 1.0399982929229736 22
1761592048141 1.0327441692352295 23
1761592048391 1.0494611263275146 24
1761592048634 1.0390411615371704 25
1761592048874 1.0422602891921997 26
1761592049112 1.0363125801086426 27
1761592049352 1.029152512550354 28
1761592049595 1.0351996421813965 29
1761592049855 1.019101619720459 30
1761592050104 1.0283663272857666 31
1761592050360 1.028631567955017 32
1761592050605 1.0239490270614624 33
1761592050855 1.0281355381011963 34
1761592051105 1.0180768966674805 35
1761592051370 1.0299464464187622 36
1761592051681 1.0253914594650269 37
1761592051932 1.010480523109436 38
1761592052185 1.021377444267273 39
1761592052435 1.0187013149261475 40
1761592052690 1.0186878442764282 41
1761592052954 1.0253008604049683 42
1761592053201 1.0146483182907104 43
1761592053440 1.0039424896240234 44
1761592053681 1.0224316120147705 45
1761592053926 1.0106523036956787 46
1761592054198 0.9970124959945679 47
1761592054476 1.010277271270752 48
1761592054725 1.0027782917022705 49
1761592042073 1.16053307056427 0
