1761352501489 0.6002570986747742 0
1761352502053 0.8316195607185364 1
1761352502621 0.9867180585861206 2
1761352503245 0.9961439371109009 3
1761352503881 0.9978577494621277 4
1761352504402 0.9910025596618652 5
1761352504957 0.991859495639801 6
1761352505482 0.9970008730888367 7
1761352506055 0.9995715618133545 8
1761352506589 1.0 9
1761352507156 1.0 10
1761352507752 1.0 11
1761352508296 1.0 12
1761352508815 1.0 13
1761352509359 1.0 14
1761352501489 0.6002570986747742 0
1761352501489 0.6002570986747742 0
1761352501489 0.6002570986747742 0
