1761352501489 0.9162580966949463 0
1761352502053 0.45923107862472534 1
1761352502621 0.06201670691370964 2
1761352503245 0.021314453333616257 3
1761352503881 0.010460048913955688 4
1761352504402 0.028942212462425232 5
1761352504957 0.02054845355451107 6
1761352505482 0.011044583283364773 7
1761352506055 0.0020770535338670015 8
1761352506589 0.0010296183172613382 9
1761352507156 0.000587079965043813 10
1761352507752 0.0005097777466289699 11
1761352508296 0.00044640409760177135 12
1761352508815 0.0003857765404973179 13
1761352509359 0.00034398981370031834 14
1761352501489 0.9162580966949463 0
1761352501489 0.9162580966949463 0
1761352501489 0.9162580966949463 0
