1761353002972 0.9327911138534546 0
1761353003522 0.9447773694992065 1
1761353004091 0.9447773694992065 2
1761353004647 0.9447773694992065 3
1761353005174 0.943493127822876 4
1761353005717 0.9452054500579834 5
1761353006279 0.9469178318977356 6
1761353006787 0.951626718044281 7
1761353007330 0.9640411138534546 8
1761353007987 0.9837328791618347 9
1761353008637 0.9957191944122314 10
1761353009189 0.9991438388824463 11
1761353009749 1.0 12
1761353010285 1.0 13
1761353010823 1.0 14
1761353002972 0.9327911138534546 0
1761353002972 0.9327911138534546 0
1761353002972 0.9327911138534546 0
