1761353002972 0.2990388572216034 0
1761353003522 0.2430899441242218 1
1761353004091 0.23407013714313507 2
1761353004647 0.23067981004714966 3
1761353005174 0.21829091012477875 4
1761353005717 0.20968133211135864 5
1761353006279 0.19199098646640778 6
1761353006787 0.16882692277431488 7
1761353007330 0.12184387445449829 8
1761353007987 0.05089212581515312 9
1761353008637 0.020763276144862175 10
1761353009189 0.006874943617731333 11
1761353009749 0.00229967781342566 12
1761353010285 0.001560373930260539 13
1761353010823 0.00114171183668077 14
1761353002972 0.2990388572216034 0
1761353002972 0.2990388572216034 0
1761353002972 0.2990388572216034 0
