1761591085888 0.3295068144798279 0
1761591086149 0.33078232407569885 1
1761591086337 0.3452380895614624 2
1761591086524 0.35671767592430115 3
1761591086698 0.3146258592605591 4
1761591086877 0.3503401279449463 5
1761591087059 0.33588436245918274 6
1761591087238 0.3265306055545807 7
1761591087418 0.3265306055545807 8
1761591087617 0.38265305757522583 9
1761591087807 0.3460884392261505 10
1761591087983 0.34268707036972046 11
1761591088157 0.35374149680137634 12
1761591088334 0.363095223903656 13
1761591088509 0.3490646183490753 14
1761591088690 0.379676878452301 15
1761591088880 0.3792516887187958 16
1761591089082 0.38647958636283875 17
1761591089265 0.3830782175064087 18
1761591089444 0.3571428656578064 19
1761591089623 0.385629266500473 20
1761591089800 0.3801020383834839 21
1761591089974 0.3639455735683441 22
1761591090158 0.4068877696990967 23
1761591090336 0.37372449040412903 24
1761591090515 0.39923468232154846 25
1761591090689 0.3852040767669678 26
1761591090867 0.4026360511779785 27
1761591091058 0.40603742003440857 28
1761591091232 0.40221089124679565 29
1761591091408 0.40646257996559143 30
1761591091585 0.4124149680137634 31
1761591091761 0.379676878452301 32
1761591091940 0.40603742003440857 33
1761591092151 0.4107142984867096 34
1761591092346 0.39158162474632263 35
1761591092600 0.42899659276008606 36
1761591092788 0.3979591727256775 37
1761591092962 0.3966836631298065 38
1761591093134 0.4085884392261505 39
1761591093311 0.4217686951160431 40
1761591093485 0.4034864008426666 41
1761591093660 0.41539114713668823 42
1761591093835 0.4098639488220215 43
1761591094010 0.40051019191741943 44
1761591094185 0.4272959232330322 45
1761591094360 0.3792516887187958 46
1761591094546 0.41709184646606445 47
1761591094722 0.4336734712123871 48
1761591094921 0.42219388484954834 49
1761591095112 0.4226190447807312 50
1761591095300 0.4145408272743225 51
1761591095507 0.39838436245918274 52
1761591095739 0.4272959232330322 53
1761591095961 0.40136054158210754 54
1761591096204 0.4323979616165161 55
1761591096418 0.4238945543766022 56
1761591096614 0.4115646183490753 57
1761591096827 0.432823121547699 58
1761591097010 0.41411563754081726 59
1761591085888 0.3295068144798279 0
1761591085888 0.3295068144798279 0
1761591085888 0.3295068144798279 0
