1761591085888 1.1475058794021606 0
1761591086149 1.1250823736190796 1
1761591086337 1.1361970901489258 2
1761591086524 1.1191803216934204 3
1761591086698 1.1145963668823242 4
1761591086877 1.1119245290756226 5
1761591087059 1.1064460277557373 6
1761591087238 1.1150767803192139 7
1761591087418 1.0847702026367188 8
1761591087617 1.0992106199264526 9
1761591087807 1.0835367441177368 10
1761591087983 1.075699806213379 11
1761591088157 1.0867449045181274 12
1761591088334 1.0717875957489014 13
1761591088509 1.0674265623092651 14
1761591088690 1.0718560218811035 15
1761591088880 1.043391466140747 16
1761591089082 1.0574758052825928 17
1761591089265 1.0542333126068115 18
1761591089444 1.0502623319625854 19
1761591089623 1.0516618490219116 20
1761591089800 1.0489176511764526 21
1761591089974 1.0445551872253418 22
1761591090158 1.0550907850265503 23
1761591090336 1.0498783588409424 24
1761591090515 1.0314300060272217 25
1761591090689 1.0505541563034058 26
1761591090867 1.0411925315856934 27
1761591091058 1.0445560216903687 28
1761591091232 1.0196633338928223 29
1761591091408 1.0359481573104858 30
1761591091585 1.0209153890609741 31
1761591091761 1.0375304222106934 32
1761591091940 1.0313403606414795 33
1761591092151 1.02985680103302 34
1761591092346 1.0306360721588135 35
1761591092600 1.0170400142669678 36
1761591092788 1.0254526138305664 37
1761591092962 1.0268279314041138 38
1761591093134 1.0149163007736206 39
1761591093311 1.0287725925445557 40
1761591093485 1.0110526084899902 41
1761591093660 1.0194282531738281 42
1761591093835 1.0126333236694336 43
1761591094010 1.028542160987854 44
1761591094185 1.0100831985473633 45
1761591094360 1.0219449996948242 46
1761591094546 1.004433035850525 47
1761591094722 1.0011086463928223 48
1761591094921 0.994087278842926 49
1761591095112 0.9903189539909363 50
1761591095300 1.0085481405258179 51
1761591095507 1.0139012336730957 52
1761591095739 1.005280613899231 53
1761591095961 1.000610589981079 54
1761591096204 1.002779483795166 55
1761591096418 1.0051307678222656 56
1761591096614 0.9993829131126404 57
1761591096827 1.008594036102295 58
1761591097010 0.9958789944648743 59
1761591085888 1.1475058794021606 0
1761591085888 1.1475058794021606 0
1761591085888 1.1475058794021606 0
