1761350259459 0.953153133392334 0
1761350259996 0.9144736528396606 1
1761350260579 0.8992072343826294 2
1761350261121 0.8396092653274536 3
1761350261657 0.27024146914482117 4
1761350262188 0.01394381932914257 5
1761350262733 0.004842680878937244 6
1761350263307 0.00271014915779233 7
1761350263869 0.001878016977570951 8
1761350264470 0.001387899974361062 9
1761350265012 0.0010866577504202724 10
1761350265551 0.0008727009990252554 11
1761350266099 0.000723408127669245 12
1761350266643 0.000609912967775017 13
1761350267167 0.0005239037564024329 14
1761350259459 0.953153133392334 0
1761350259459 0.953153133392334 0
1761350259459 0.953153133392334 0
