1761343746621 0.17548279464244843 0
1761343747960 0.18136020004749298 1
1761343749372 0.5696893334388733 2
1761343750648 0.188916876912117 3
1761343751900 0.4542401432991028 4
1761343753089 0.18136020004749298 5
1761343754351 0.3094038665294647 6
1761343755541 0.40344247221946716 7
1761343756735 0.49706128239631653 8
1761343757934 0.17926111817359924 9
1761343759164 0.2166246920824051 10
1761343760366 0.17926111817359924 11
1761343761581 0.31318220496177673 12
1761343762965 0.18052056431770325 13
1761343764152 0.18723762035369873 14
1761343746621 0.17548279464244843 0
1761343746621 0.17548279464244843 0
1761343746621 0.17548279464244843 0
