1761343746621 1.0987573862075806 0
1761343747960 1.0986865758895874 1
1761343749372 1.098740577697754 2
1761343750648 1.098753809928894 3
1761343751900 1.0987820625305176 4
1761343753089 1.0987039804458618 5
1761343754351 1.0986757278442383 6
1761343755541 1.09870445728302 7
1761343756735 1.0987648963928223 8
1761343757934 1.0987136363983154 9
1761343759164 1.0986957550048828 10
1761343760366 1.0987333059310913 11
1761343761581 1.098720669746399 12
1761343762965 1.0987482070922852 13
1761343764152 1.0986990928649902 14
1761343746621 1.0987573862075806 0
1761343746621 1.0987573862075806 0
1761343746621 1.0987573862075806 0
