1761350215540 0.5368150472640991 0
1761350215839 0.5817636847496033 1
1761350216101 0.6404109597206116 2
1761350216360 0.6729452013969421 3
1761350216619 0.7825342416763306 4
1761350216879 0.8895547986030579 5
1761350217137 0.9379280805587769 6
1761350217398 0.9850171208381653 7
1761350217661 0.9935787916183472 8
1761350217922 0.997003436088562 9
1761350218184 0.9952911138534546 10
1761350218465 0.9991438388824463 11
1761350218790 0.9995719194412231 12
1761350219073 1.0 13
1761350219319 1.0 14
1761350215540 0.5368150472640991 0
1761350215540 0.5368150472640991 0
1761350215540 0.5368150472640991 0
