1761350215540 1.2715970277786255 0
1761350215839 0.9737677574157715 1
1761350216101 0.844826877117157 2
1761350216360 0.7622723579406738 3
1761350216619 0.5508725643157959 4
1761350216879 0.39265888929367065 5
1761350217137 0.26482295989990234 6
1761350217398 0.1450127363204956 7
1761350217661 0.09846916049718857 8
1761350217922 0.061715610325336456 9
1761350218184 0.0552850179374218 10
1761350218465 0.031356289982795715 11
1761350218790 0.026205813512206078 12
1761350219073 0.019250992685556412 13
1761350219319 0.016098443418741226 14
1761350215540 1.2715970277786255 0
1761350215540 1.2715970277786255 0
1761350215540 1.2715970277786255 0
