1761352426904 0.7939160466194153 0
1761352427208 0.999143123626709 1
1761352427525 1.0 2
1761352427817 1.0 3
1761352428145 1.0 4
1761352428438 1.0 5
1761352428683 1.0 6
1761352428952 1.0 7
1761352429195 1.0 8
1761352429432 1.0 9
1761352429679 1.0 10
1761352429926 1.0 11
1761352430172 1.0 12
1761352430444 1.0 13
1761352430787 1.0 14
1761352431078 1.0 15
1761352431328 1.0 16
1761352431593 1.0 17
1761352431834 1.0 18
1761352432073 1.0 19
1761352432324 1.0 20
1761352432571 1.0 21
1761352426904 0.7939160466194153 0
1761352440736 1.0 22
1761352426904 0.7939160466194153 0
1761352426904 0.7939160466194153 0
