1761352426904 0.538895845413208 0
1761352427208 0.017049534246325493 1
1761352427525 0.0026057676877826452 2
1761352427817 0.0010599567322060466 3
1761352428145 0.0006328744348138571 4
1761352428438 0.0004384527273941785 5
1761352428683 0.0003147148818243295 6
1761352428952 0.0002312038413947448 7
1761352429195 0.00018170512339565903 8
1761352429432 0.00014678989828098565 9
1761352429679 0.00011834014730993658 10
1761352429926 9.85588994808495e-05 11
1761352430172 8.31204088171944e-05 12
1761352430444 7.079005445120856e-05 13
1761352430787 6.098199446569197e-05 14
1761352431078 5.19463574164547e-05 15
1761352431328 4.524755786405876e-05 16
1761352431593 3.9719423511996865e-05 17
1761352431834 3.497951911413111e-05 18
1761352432073 3.125899092992768e-05 19
1761352432324 2.7730900910682976e-05 20
1761352432571 2.4735836632316932e-05 21
1761352426904 0.538895845413208 0
1761352440736 0.0003147148818243295 22
1761352426904 0.538895845413208 0
1761352426904 0.538895845413208 0
