1761589718799 0.31887754797935486 0
1761589719322 0.3116496503353119 1
1761589719832 0.3205782175064087 2
1761589720319 0.34948980808258057 3
1761589720882 0.35161563754081726 4
1761589721427 0.3409864008426666 5
1761589721898 0.32482993602752686 6
1761589722356 0.3333333432674408 7
1761589722837 0.369047611951828 8
1761589723415 0.3414115607738495 9
1761589723936 0.3681972920894623 10
1761589724409 0.3541666567325592 11
1761589724864 0.3647959232330322 12
1761589725347 0.34396257996559143 13
1761589725813 0.37457484006881714 14
1761589726282 0.36267006397247314 15
1761589726796 0.3741496503353119 16
1761589727350 0.4017857015132904 17
1761589727822 0.38818028569221497 18
1761589728280 0.39710885286331177 19
1761589728746 0.40051019191741943 20
1761589729200 0.4090135991573334 21
1761589729654 0.4000850319862366 22
1761589730136 0.39115646481513977 23
1761589730710 0.36777210235595703 24
1761589731204 0.4272959232330322 25
1761589731660 0.3788265287876129 26
1761589732124 0.4158163368701935 27
1761589732580 0.386904776096344 28
1761589733035 0.4047619104385376 29
1761589733497 0.41326531767845154 30
1761589734084 0.4238945543766022 31
1761589734621 0.4115646183490753 32
1761589735079 0.43494898080825806 33
1761589735560 0.41113945841789246 34
1761589736055 0.4183673560619354 35
1761589736531 0.4238945543766022 36
1761589737038 0.4187925159931183 37
1761589737540 0.41326531767845154 38
1761589738519 0.41028910875320435 39
1761589739082 0.4353741407394409 40
1761589739565 0.42219388484954834 41
1761589740070 0.42006802558898926 42
1761589740564 0.41539114713668823 43
1761589741048 0.42814627289772034 44
1761589741507 0.42984694242477417 45
1761589741966 0.4094387888908386 46
1761589742420 0.426870733499527 47
1761589742912 0.41539114713668823 48
1761589743477 0.4375 49
1761589718799 0.31887754797935486 0
1761589718799 0.31887754797935486 0
1761589718799 0.31887754797935486 0
