1761589718799 1.1433085203170776 0
1761589719322 1.137445092201233 1
1761589719832 1.1258387565612793 2
1761589720319 1.1039289236068726 3
1761589720882 1.1013895273208618 4
1761589721427 1.0940531492233276 5
1761589721898 1.1107902526855469 6
1761589722356 1.0878154039382935 7
1761589722837 1.0926799774169922 8
1761589723415 1.0795215368270874 9
1761589723936 1.0849993228912354 10
1761589724409 1.0615863800048828 11
1761589724864 1.0730215311050415 12
1761589725347 1.078004240989685 13
1761589725813 1.0621182918548584 14
1761589726282 1.057636022567749 15
1761589726796 1.052182674407959 16
1761589727350 1.0536389350891113 17
1761589727822 1.0389530658721924 18
1761589728280 1.0506536960601807 19
1761589728746 1.0449415445327759 20
1761589729200 1.038532018661499 21
1761589729654 1.047685146331787 22
1761589730136 1.0369845628738403 23
1761589730710 1.0363895893096924 24
1761589731204 1.0370784997940063 25
1761589731660 1.036023497581482 26
1761589732124 1.0404868125915527 27
1761589732580 1.0277631282806396 28
1761589733035 1.0212960243225098 29
1761589733497 1.0257816314697266 30
1761589734084 1.023736834526062 31
1761589734621 1.0234555006027222 32
1761589735079 1.0193825960159302 33
1761589735560 1.0184086561203003 34
1761589736055 1.0157848596572876 35
1761589736531 1.0217095613479614 36
1761589737038 1.0229614973068237 37
1761589737540 1.0168911218643188 38
1761589738519 1.012256383895874 39
1761589739082 1.0057069063186646 40
1761589739565 0.9933437705039978 41
1761589740070 1.0067708492279053 42
1761589740564 1.0099996328353882 43
1761589741048 1.0061992406845093 44
1761589741507 1.0117220878601074 45
1761589741966 1.0001916885375977 46
1761589742420 1.0255789756774902 47
1761589742912 0.9973580241203308 48
1761589743477 0.9853460788726807 49
1761589718799 1.1433085203170776 0
1761589718799 1.1433085203170776 0
1761589718799 1.1433085203170776 0
