1761349533935 0.959870457649231 0
1761349534566 0.8749005794525146 1
1761349535241 0.2783079147338867 2
1761349535851 0.005040289834141731 3
1761349536456 0.0022890358231961727 4
1761349537061 0.0014924759743735194 5
1761349537671 0.0010700318962335587 6
1761349538286 0.0008127914625220001 7
1761349538969 0.0006416766555048525 8
1761349539575 0.000521382549777627 9
1761349540161 0.00043341857963241637 10
1761349540765 0.0003664226969704032 11
1761349541360 0.00031418370781466365 12
1761349541978 0.0002724758523982018 13
1761349542613 0.00023892062017694116 14
1761349533935 0.959870457649231 0
1761349533935 0.959870457649231 0
1761349533935 0.959870457649231 0
