1761589662525 0.38435372710227966 0
1761589663103 0.3609693944454193 1
1761589663758 0.41921767592430115 2
1761589664371 0.3928571343421936 3
1761589664998 0.4323979616165161 4
1761589665560 0.4404761791229248 5
1761589666121 0.426870733499527 6
1761589666736 0.46683672070503235 7
1761589667356 0.44515305757522583 8
1761589667908 0.4710884392261505 9
1761589668409 0.47746598720550537 10
1761589668934 0.5017006993293762 11
1761589669433 0.49064627289772034 12
1761589669965 0.5140306353569031 13
1761589670604 0.5080782175064087 14
1761589671117 0.5335884094238281 15
1761589671617 0.5344387888908386 16
1761589672119 0.5161564350128174 17
1761589672614 0.5471938848495483 18
1761589673111 0.5344387888908386 19
1761589673730 0.5646258592605591 20
1761589674347 0.5535714030265808 21
1761589674853 0.5561224222183228 22
1761589675421 0.5752550959587097 23
1761589675952 0.5833333134651184 24
1761589676454 0.5795068144798279 25
1761589676951 0.5782312750816345 26
1761589677445 0.6016156673431396 27
1761589677943 0.5914115905761719 28
1761589678579 0.5901360511779785 29
1761589679144 0.5905612111091614 30
1761589679639 0.5965136289596558 31
1761589680146 0.6190476417541504 32
1761589680647 0.6139456033706665 33
1761589681142 0.6224489808082581 34
1761589681668 0.6305271983146667 35
1761589682285 0.6394557952880859 36
1761589682824 0.6126700639724731 37
1761589683326 0.6186224222183228 38
1761589683828 0.6437074542045593 39
1761589684341 0.6284013390541077 40
1761589684906 0.6284013390541077 41
1761589685493 0.6454081535339355 42
1761589686115 0.6522108912467957 43
1761589686611 0.6335033774375916 44
1761589687106 0.6530612111091614 45
1761589687605 0.6517857313156128 46
1761589688104 0.6687925457954407 47
1761589688620 0.6641156673431396 48
1761589689295 0.6598639488220215 49
1761589662525 0.38435372710227966 0
1761589662525 0.38435372710227966 0
1761589662525 0.38435372710227966 0
