1761589662525 1.1199593544006348 0
1761589663103 1.0706706047058105 1
1761589663758 1.0528377294540405 2
1761589664371 1.0175632238388062 3
1761589664998 0.9690687656402588 4
1761589665560 0.9351697564125061 5
1761589666121 0.9300342202186584 6
1761589666736 0.8864449262619019 7
1761589667356 0.8888617157936096 8
1761589667908 0.8609645366668701 9
1761589668409 0.8356163501739502 10
1761589668934 0.7846300005912781 11
1761589669433 0.8208620548248291 12
1761589669965 0.7630636096000671 13
1761589670604 0.7621515989303589 14
1761589671117 0.7372225522994995 15
1761589671617 0.7011715173721313 16
1761589672119 0.7421293258666992 17
1761589672614 0.6852973103523254 18
1761589673111 0.7065202593803406 19
1761589673730 0.6489618420600891 20
1761589674347 0.6846784353256226 21
1761589674853 0.6759963035583496 22
1761589675421 0.6346129775047302 23
1761589675952 0.6465575098991394 24
1761589676454 0.6295533776283264 25
1761589676951 0.5996083617210388 26
1761589677445 0.6120003461837769 27
1761589677943 0.6045234203338623 28
1761589678579 0.6159093976020813 29
1761589679144 0.6147322654724121 30
1761589679639 0.5949748158454895 31
1761589680146 0.5463632345199585 32
1761589680647 0.5510572791099548 33
1761589681142 0.5686624646186829 34
1761589681668 0.5582600831985474 35
1761589682285 0.5556493997573853 36
1761589682824 0.592848539352417 37
1761589683326 0.5290439128875732 38
1761589683828 0.5373709797859192 39
1761589684341 0.5601502060890198 40
1761589684906 0.5666060447692871 41
1761589685493 0.527050793170929 42
1761589686115 0.5490869283676147 43
1761589686611 0.5550172328948975 44
1761589687106 0.5394222736358643 45
1761589687605 0.5243679285049438 46
1761589688104 0.5128793716430664 47
1761589688620 0.5050483345985413 48
1761589689295 0.5279746651649475 49
1761589662525 1.1199593544006348 0
1761589662525 1.1199593544006348 0
1761589662525 1.1199593544006348 0
