1761591975177 0.3503401279449463 0
1761591975508 0.3460884392261505 1
1761591975807 0.38818028569221497 2
1761591976116 0.40816327929496765 3
1761591976448 0.4455782175064087 4
1761591976769 0.4613095223903656 5
1761591977088 0.4523809552192688 6
1761591977478 0.4702380895614624 7
1761591977786 0.494047611951828 8
1761591978066 0.4800170063972473 9
1761591978338 0.48256802558898926 10
1761591978602 0.48171767592430115 11
1761591978895 0.5136054158210754 12
1761591979162 0.504676878452301 13
1761591979435 0.5272108912467957 14
1761591979700 0.538690447807312 15
1761591979972 0.5348639488220215 16
1761591980255 0.5306122303009033 17
1761591980540 0.541241466999054 18
1761591980844 0.5331632494926453 19
1761591981158 0.5488945841789246 20
1761591981452 0.5514456033706665 21
1761591981729 0.5654761791229248 22
1761591982001 0.5616496801376343 23
1761591982275 0.5599489808082581 24
1761591982555 0.5727040767669678 25
1761591982830 0.5752550959587097 26
1761591983093 0.5871598720550537 27
1761591983359 0.5875850319862366 28
1761591983632 0.5880101919174194 29
1761591975177 0.3503401279449463 0
