1761591975177 1.0953433513641357 0
1761591975508 1.075394868850708 1
1761591975807 1.0477237701416016 2
1761591976116 1.0138626098632812 3
1761591976448 0.985633909702301 4
1761591976769 0.9596415162086487 5
1761591977088 0.9414794445037842 6
1761591977478 0.902053952217102 7
1761591977786 0.8694918751716614 8
1761591978066 0.8459416627883911 9
1761591978338 0.8160253763198853 10
1761591978602 0.8053069114685059 11
1761591978895 0.7868379354476929 12
1761591979162 0.7339708209037781 13
1761591979435 0.7462323307991028 14
1761591979700 0.6981491446495056 15
1761591979972 0.7086464762687683 16
1761591980255 0.6927086114883423 17
1761591980540 0.6756104826927185 18
1761591980844 0.6451998949050903 19
1761591981158 0.6546788215637207 20
1761591981452 0.644171416759491 21
1761591981729 0.6010720729827881 22
1761591982001 0.6358535885810852 23
1761591982275 0.625114917755127 24
1761591982555 0.6012601256370544 25
1761591982830 0.5820477604866028 26
1761591983093 0.559002697467804 27
1761591983359 0.5597905516624451 28
1761591983632 0.5784269571304321 29
1761591975177 1.0953433513641357 0
