1761343614690 0.18136020004749298 0
1761343615274 0.18136020004749298 1
1761343615833 0.18136020004749298 2
1761343616374 0.18136020004749298 3
1761343616880 0.18136020004749298 4
1761343617351 0.18136020004749298 5
1761343617859 0.18136020004749298 6
1761343618339 0.18136020004749298 7
1761343618814 0.18136020004749298 8
1761343619382 0.18136020004749298 9
1761343619870 0.18136020004749298 10
1761343620363 0.18136020004749298 11
1761343620902 0.18136020004749298 12
1761343621411 0.18136020004749298 13
1761343621904 0.18136020004749298 14
1761343622399 0.18136020004749298 15
1761343614690 0.18136020004749298 0
1761343639167 0.18136020004749298 16
1761343614690 0.18136020004749298 0
1761343614690 0.18136020004749298 0
