1761592387075 0.34481292963027954 0
1761592387476 0.2746598720550537 1
1761592387865 0.28103742003440857 2
1761592388248 0.35374149680137634 3
1761592388627 0.27210885286331177 4
1761592389079 0.31079933047294617 5
1761592389538 0.3163265287876129 6
1761592389938 0.34863945841789246 7
1761592390297 0.34863945841789246 8
1761592390661 0.32908162474632263 9
1761592391032 0.33460885286331177 10
1761592391407 0.35969388484954834 11
1761592391787 0.36352041363716125 12
1761592392163 0.3371598720550537 13
1761592392569 0.39328232407569885 14
1761592393007 0.35161563754081726 15
1761592393409 0.369047611951828 16
1761592393772 0.3681972920894623 17
1761592394164 0.37627550959587097 18
1761592394530 0.36564627289772034 19
1761592394927 0.42006802558898926 20
1761592395291 0.38945579528808594 21
1761592395660 0.4017857015132904 22
1761592396047 0.41624149680137634 23
1761592396482 0.38945579528808594 24
1761592396851 0.3788265287876129 25
1761592397215 0.41496598720550537 26
1761592397593 0.40136054158210754 27
1761592397966 0.4264455735683441 28
1761592398354 0.3860544264316559 29
1761592398709 0.42899659276008606 30
1761592399072 0.4158163368701935 31
1761592399456 0.4183673560619354 32
1761592399864 0.4094387888908386 33
1761592400270 0.4285714328289032 34
1761592400648 0.42984694242477417 35
1761592401021 0.4124149680137634 36
1761592401402 0.42006802558898926 37
1761592401795 0.443452388048172 38
1761592402189 0.42517006397247314 39
1761592387075 0.34481292963027954 0
