1761592387075 1.1721720695495605 0
1761592387476 1.1158781051635742 1
1761592387865 1.1021764278411865 2
1761592388248 1.1049516201019287 3
1761592388627 1.096998929977417 4
1761592389079 1.0965158939361572 5
1761592389538 1.0870435237884521 6
1761592389938 1.0813831090927124 7
1761592390297 1.0629057884216309 8
1761592390661 1.0759941339492798 9
1761592391032 1.053924560546875 10
1761592391407 1.060535192489624 11
1761592391787 1.0607606172561646 12
1761592392163 1.0604000091552734 13
1761592392569 1.0592585802078247 14
1761592393007 1.046608805656433 15
1761592393409 1.0497742891311646 16
1761592393772 1.045756459236145 17
1761592394164 1.0472115278244019 18
1761592394530 1.0438969135284424 19
1761592394927 1.048046588897705 20
1761592395291 1.0338765382766724 21
1761592395660 1.0368081331253052 22
1761592396047 1.0368784666061401 23
1761592396482 1.040181040763855 24
1761592396851 1.045656681060791 25
1761592397215 1.0352662801742554 26
1761592397593 1.0167969465255737 27
1761592397966 1.0269227027893066 28
1761592398354 1.0319490432739258 29
1761592398709 1.0229328870773315 30
1761592399072 1.0191134214401245 31
1761592399456 1.022114872932434 32
1761592399864 1.0318626165390015 33
1761592400270 1.0120378732681274 34
1761592400648 1.0171772241592407 35
1761592401021 1.0046383142471313 36
1761592401402 1.0071481466293335 37
1761592401795 1.0020250082015991 38
1761592402189 1.0022850036621094 39
1761592387075 1.1721720695495605 0
