1761592411324 0.40646257996559143 0
1761592411623 0.3720238208770752 1
1761592411916 0.3852040767669678 2
1761592412181 0.4179421663284302 3
1761592412444 0.4068877696990967 4
1761592412737 0.42517006397247314 5
1761592413021 0.4413265287876129 6
1761592413327 0.43579933047294617 7
1761592413663 0.4659864008426666 8
1761592413936 0.4511054456233978 9
1761592414202 0.4761904776096344 10
1761592414465 0.46088436245918274 11
1761592414732 0.5042517185211182 12
1761592414995 0.4851190447807312 13
1761592415267 0.509353756904602 14
1761592415529 0.494047611951828 15
1761592415794 0.5382652878761292 16
1761592416065 0.5310373902320862 17
1761592416334 0.5382652878761292 18
1761592416612 0.5454931855201721 19
1761592416931 0.5599489808082581 20
1761592417214 0.5676020383834839 21
1761592417484 0.5735543966293335 22
1761592417753 0.5795068144798279 23
1761592418015 0.5693027377128601 24
1761592418276 0.5616496801376343 25
1761592418544 0.5795068144798279 26
1761592418816 0.5748299360275269 27
1761592419077 0.5905612111091614 28
1761592419343 0.5948129296302795 29
1761592419609 0.6147959232330322 30
1761592419877 0.5854591727256775 31
1761592420154 0.5994898080825806 32
1761592420454 0.6173469424247742 33
1761592420736 0.6152210831642151 34
1761592421002 0.6326530575752258 35
1761592421274 0.6271258592605591 36
1761592421548 0.6326530575752258 37
1761592421818 0.6228741407394409 38
1761592422086 0.6228741407394409 39
1761592411324 0.40646257996559143 0
