1761592411324 1.1154063940048218 0
1761592411623 1.0558444261550903 1
1761592411916 1.0589702129364014 2
1761592412181 1.0281637907028198 3
1761592412444 0.9839993715286255 4
1761592412737 0.9733346700668335 5
1761592413021 0.9318562150001526 6
1761592413327 0.914328932762146 7
1761592413663 0.8838346600532532 8
1761592413936 0.8717854022979736 9
1761592414202 0.8382667899131775 10
1761592414465 0.8456748723983765 11
1761592414732 0.785922110080719 12
1761592414995 0.805615246295929 13
1761592415267 0.7741414904594421 14
1761592415529 0.8026096820831299 15
1761592415794 0.734274685382843 16
1761592416065 0.7102943062782288 17
1761592416334 0.7100390195846558 18
1761592416612 0.6992712020874023 19
1761592416931 0.6993791460990906 20
1761592417214 0.6901335716247559 21
1761592417484 0.6477228403091431 22
1761592417753 0.6448660492897034 23
1761592418015 0.6467478275299072 24
1761592418276 0.6695892214775085 25
1761592418544 0.6254507303237915 26
1761592418816 0.6637287735939026 27
1761592419077 0.6739660501480103 28
1761592419343 0.5919229984283447 29
1761592419609 0.59894198179245 30
1761592419877 0.6432589292526245 31
1761592420154 0.5982769131660461 32
1761592420454 0.5862492918968201 33
1761592420736 0.5572659969329834 34
1761592421002 0.5656483769416809 35
1761592421274 0.5497186183929443 36
1761592421548 0.5628460645675659 37
1761592421818 0.5830730199813843 38
1761592422086 0.5754663348197937 39
1761592411324 1.1154063940048218 0
