1761351076779 0.5342759490013123 0
1761351077073 0.611825168132782 1
1761351077353 0.6640959978103638 2
1761351077593 0.7737789154052734 3
1761351077860 0.7759211659431458 4
1761351078120 0.9310197234153748 5
1761351078381 0.9820051193237305 6
1761351078647 0.9798628687858582 7
1761351078908 0.9961439371109009 8
1761351079167 0.999143123626709 9
1761351079427 0.9995715618133545 10
1761351079721 1.0 11
1761351080021 1.0 12
1761351080293 1.0 13
1761351080556 1.0 14
1761351076779 0.5342759490013123 0
1761351076779 0.5342759490013123 0
1761351076779 0.5342759490013123 0
