1761351076779 1.4255518913269043 0
1761351077073 0.8627987504005432 1
1761351077353 0.7998303174972534 2
1761351077593 0.5987661480903625 3
1761351077860 0.588270366191864 4
1761351078120 0.3041122555732727 5
1761351078381 0.1926611363887787 6
1761351078647 0.15484872460365295 7
1761351078908 0.07859489321708679 8
1761351079167 0.05103207379579544 9
1761351079427 0.038322169333696365 10
1761351079721 0.028461435809731483 11
1761351080021 0.019930439069867134 12
1761351080293 0.01563018374145031 13
1761351080556 0.012151994742453098 14
1761351076779 1.4255518913269043 0
1761351076779 1.4255518913269043 0
1761351076779 1.4255518913269043 0
