1761262679135 0.1771620512008667 0
1761262680445 0.191435769200325 1
1761262681696 0.191435769200325 2
1761262683149 0.17884130775928497 3
1761262684515 0.4672544002532959 4
1761262685798 0.1771620512008667 5
1761262687282 0.5264483690261841 6
1761262688627 0.18849706649780273 7
1761262689842 0.191435769200325 8
1761262691009 0.5843828916549683 9
1761262692267 0.3648194670677185 10
1761262693527 0.42821159958839417 11
1761262694865 0.27078086137771606 12
1761262696042 0.4412258565425873 13
1761262697249 0.44836270809173584 14
1761262679135 0.1771620512008667 0
1761262679135 0.1771620512008667 0
1761262679135 0.1771620512008667 0
