1761262679135 1.0987470149993896 0
1761262680445 1.0987123250961304 1
1761262681696 1.0987335443496704 2
1761262683149 1.0987401008605957 3
1761262684515 1.098711371421814 4
1761262685798 1.0986777544021606 5
1761262687282 1.0986852645874023 6
1761262688627 1.098728060722351 7
1761262689842 1.0986663103103638 8
1761262691009 1.0986812114715576 9
1761262692267 1.0986989736557007 10
1761262693527 1.098724603652954 11
1761262694865 1.098694086074829 12
1761262696042 1.0987261533737183 13
1761262697249 1.0987077951431274 14
1761262679135 1.0987470149993896 0
1761262679135 1.0987470149993896 0
1761262679135 1.0987470149993896 0
