1761264037804 0.6204869747161865 0
1761264039014 0.4189756512641907 1
1761264040186 0.4109991490840912 2
1761264041316 0.4722921848297119 3
1761264042491 0.35642316937446594 4
1761264043625 0.5705289840698242 5
1761264044754 0.4680940508842468 6
1761264045877 0.28673383593559265 7
1761264047004 0.2376154512166977 8
1761264048169 0.17674224078655243 9
1761264049324 0.183879092335701 10
1761264050452 0.6272040009498596 11
1761264051595 0.21074727177619934 12
1761264052758 0.2884131073951721 13
1761264053887 0.2863140106201172 14
1761264037804 0.6204869747161865 0
1761264037804 0.6204869747161865 0
1761264037804 0.6204869747161865 0
