1761264037804 1.0987032651901245 0
1761264039014 1.0987377166748047 1
1761264040186 1.0987604856491089 2
1761264041316 1.098753571510315 3
1761264042491 1.0987162590026855 4
1761264043625 1.0987080335617065 5
1761264044754 1.0987412929534912 6
1761264045877 1.0987098217010498 7
1761264047004 1.098738431930542 8
1761264048169 1.0986582040786743 9
1761264049324 1.0987021923065186 10
1761264050452 1.098691701889038 11
1761264051595 1.0987235307693481 12
1761264052758 1.09873628616333 13
1761264053887 1.0987216234207153 14
1761264037804 1.0987032651901245 0
1761264037804 1.0987032651901245 0
1761264037804 1.0987032651901245 0
