1761353255138 0.2858351767063141 0
1761353255449 0.18526941537857056 1
1761353255759 0.07456421107053757 2
1761353256045 0.009234543889760971 3
1761353256358 0.0026634535752236843 4
1761353256620 0.0014104100409895182 5
1761353256929 0.000879125262144953 6
1761353257221 0.0006103889318183064 7
1761353257527 0.000452854874311015 8
1761353257833 0.00035106789437122643 9
1761353258239 0.0002778700436465442 10
1761353258544 0.00022727400937583297 11
1761353258864 0.00018858612747862935 12
1761353259153 0.00015919370343908668 13
1761353259444 0.00013588157889898866 14
1761353255138 0.2858351767063141 0
1761353255138 0.2858351767063141 0
1761353255138 0.2858351767063141 0
