1761258839334 0.6209068298339844 0
1761258840112 0.6272040009498596 1
1761258840880 0.6272040009498596 2
1761258841607 0.6272040009498596 3
1761258842353 0.6272040009498596 4
1761258843153 0.6272040009498596 5
1761258843927 0.6272040009498596 6
1761258844703 0.6272040009498596 7
1761258845429 0.6272040009498596 8
1761258846168 0.6272040009498596 9
1761258846907 0.6272040009498596 10
1761258847646 0.6272040009498596 11
1761258848382 0.6272040009498596 12
1761258849108 0.6272040009498596 13
1761258849845 0.6272040009498596 14
1761258839334 0.6209068298339844 0
1761258839334 0.6209068298339844 0
1761258839334 0.6209068298339844 0
