1761258839334 1.0792160034179688 0
1761258840112 1.0438390970230103 1
1761258840880 1.0148826837539673 2
1761258841607 0.9914270043373108 3
1761258842353 0.9730580449104309 4
1761258843153 0.9587090015411377 5
1761258843927 0.9475287199020386 6
1761258844703 0.9392672181129456 7
1761258845429 0.9332090616226196 8
1761258846168 0.928726315498352 9
1761258846907 0.9255551695823669 10
1761258847646 0.923328161239624 11
1761258848382 0.9217942357063293 12
1761258849108 0.9207064509391785 13
1761258849845 0.9200149178504944 14
1761258839334 1.0792160034179688 0
1761258839334 1.0792160034179688 0
1761258839334 1.0792160034179688 0
