1761592063403 0.3154761791229248 0
1761592063603 0.32482993602752686 1
1761592063772 0.3452380895614624 2
1761592063946 0.30697280168533325 3
1761592064128 0.33971089124679565 4
1761592064301 0.33971089124679565 5
1761592064473 0.2984693944454193 6
1761592064651 0.35289114713668823 7
1761592064858 0.34183672070503235 8
1761592065065 0.33588436245918274 9
1761592065241 0.34948980808258057 10
1761592065412 0.37329933047294617 11
1761592065583 0.32185372710227966 12
1761592065788 0.323129266500473 13
1761592065971 0.37542515993118286 14
1761592066169 0.3392857015132904 15
1761592066347 0.3520408272743225 16
1761592066560 0.37329933047294617 17
1761592066761 0.38052719831466675 18
1761592066947 0.3384353816509247 19
1761592067123 0.3490646183490753 20
1761592067299 0.3371598720550537 21
1761592067469 0.3771258592605591 22
1761592067654 0.35671767592430115 23
1761592067832 0.3613945543766022 24
1761592068013 0.3681972920894623 25
1761592068196 0.38265305757522583 26
1761592068382 0.3890306055545807 27
1761592068561 0.369047611951828 28
1761592068762 0.36734694242477417 29
1761592068947 0.3818027079105377 30
1761592069134 0.38435372710227966 31
1761592069338 0.39115646481513977 32
1761592069529 0.3886054456233978 33
1761592069751 0.4034864008426666 34
1761592069947 0.38222789764404297 35
1761592070135 0.4417516887187958 36
1761592070327 0.3711734712123871 37
1761592070546 0.40646257996559143 38
1761592070737 0.39540815353393555 39
1761592070927 0.4000850319862366 40
1761592071120 0.4145408272743225 41
1761592071312 0.4145408272743225 42
1761592071504 0.4026360511779785 43
1761592071681 0.41198980808258057 44
1761592071860 0.41326531767845154 45
1761592072040 0.39030611515045166 46
1761592072222 0.4128401279449463 47
1761592072404 0.41411563754081726 48
1761592072578 0.40603742003440857 49
1761592072758 0.42517006397247314 50
1761592072942 0.4034864008426666 51
1761592073167 0.4145408272743225 52
1761592073388 0.4124149680137634 53
1761592073579 0.4187925159931183 54
1761592073752 0.43197280168533325 55
1761592073923 0.4030612111091614 56
1761592074094 0.4056122303009033 57
1761592074293 0.4179421663284302 58
1761592074464 0.4136904776096344 59
1761592063403 0.3154761791229248 0
