1761592063403 1.1333470344543457 0
1761592063603 1.1412791013717651 1
1761592063772 1.1293656826019287 2
1761592063946 1.1360747814178467 3
1761592064128 1.1213974952697754 4
1761592064301 1.099099040031433 5
1761592064473 1.1189419031143188 6
1761592064651 1.0970003604888916 7
1761592064858 1.0883245468139648 8
1761592065065 1.077718734741211 9
1761592065241 1.0753461122512817 10
1761592065412 1.0771973133087158 11
1761592065583 1.0890029668807983 12
1761592065788 1.0669035911560059 13
1761592065971 1.076362133026123 14
1761592066169 1.067497968673706 15
1761592066347 1.0632916688919067 16
1761592066560 1.069061279296875 17
1761592066761 1.0536521673202515 18
1761592066947 1.0500802993774414 19
1761592067123 1.0597862005233765 20
1761592067299 1.0634509325027466 21
1761592067469 1.0600035190582275 22
1761592067654 1.0614386796951294 23
1761592067832 1.0435444116592407 24
1761592068013 1.0579311847686768 25
1761592068196 1.0458523035049438 26
1761592068382 1.039684534072876 27
1761592068561 1.0410922765731812 28
1761592068762 1.0498753786087036 29
1761592068947 1.048529028892517 30
1761592069134 1.0390390157699585 31
1761592069338 1.0494959354400635 32
1761592069529 1.0404638051986694 33
1761592069751 1.0274993181228638 34
1761592069947 1.0453519821166992 35
1761592070135 1.0228902101516724 36
1761592070327 1.039998173713684 37
1761592070546 1.0267701148986816 38
1761592070737 1.031385064125061 39
1761592070927 1.0288209915161133 40
1761592071120 1.0208346843719482 41
1761592071312 1.0274726152420044 42
1761592071504 1.008834719657898 43
1761592071681 1.0249570608139038 44
1761592071860 1.0246175527572632 45
1761592072040 1.030105710029602 46
1761592072222 1.0178722143173218 47
1761592072404 1.0157278776168823 48
1761592072578 1.011040210723877 49
1761592072758 1.0037394762039185 50
1761592072942 1.0144604444503784 51
1761592073167 1.0013620853424072 52
1761592073388 1.0157405138015747 53
1761592073579 1.0109643936157227 54
1761592073752 1.0150600671768188 55
1761592073923 1.012526273727417 56
1761592074094 0.9981964230537415 57
1761592074293 0.9977391958236694 58
1761592074464 1.0094928741455078 59
1761592063403 1.1333470344543457 0
