1761592788964 0.39838436245918274 0
1761592789274 0.38222789764404297 1
1761592789577 0.3801020383834839 2
1761592789879 0.41198980808258057 3
1761592790182 0.37670066952705383 4
1761592790477 0.4396258592605591 5
1761592790773 0.44387754797935486 6
1761592791089 0.44472789764404297 7
1761592791363 0.44387754797935486 8
1761592791662 0.45068028569221497 9
1761592791925 0.4732142984867096 10
1761592792226 0.4859693944454193 11
1761592792492 0.5 12
1761592792768 0.4851190447807312 13
1761592793064 0.5017006993293762 14
1761592793385 0.519132673740387 15
1761592793672 0.5352891087532043 16
1761592793945 0.5429421663284302 17
1761592794233 0.5408163070678711 18
1761592794544 0.538690447807312 19
1761592794854 0.550595223903656 20
1761592795130 0.5616496801376343 21
1761592795409 0.5548469424247742 22
1761592795675 0.5497449040412903 23
1761592795943 0.5765306353569031 24
1761592796228 0.5820578336715698 25
1761592796496 0.5858843326568604 26
1761592796772 0.5854591727256775 27
1761592797039 0.5799319744110107 28
1761592797334 0.5897108912467957 29
1761592788964 0.39838436245918274 0
