1761592788964 1.0978442430496216 0
1761592789274 1.084582805633545 1
1761592789577 1.0602362155914307 2
1761592789879 1.0393307209014893 3
1761592790182 1.0056164264678955 4
1761592790477 0.9904980063438416 5
1761592790773 0.9684870839118958 6
1761592791089 0.9415584206581116 7
1761592791363 0.9266154170036316 8
1761592791662 0.8928070068359375 9
1761592791925 0.8498401641845703 10
1761592792226 0.8126794695854187 11
1761592792492 0.797965407371521 12
1761592792768 0.784300684928894 13
1761592793064 0.7427470684051514 14
1761592793385 0.7405487298965454 15
1761592793672 0.6989779472351074 16
1761592793945 0.6661060452461243 17
1761592794233 0.6750375032424927 18
1761592794544 0.6411842107772827 19
1761592794854 0.6472828388214111 20
1761592795130 0.6345640420913696 21
1761592795409 0.637908399105072 22
1761592795675 0.605274498462677 23
1761592795943 0.5982383489608765 24
1761592796228 0.5740324854850769 25
1761592796496 0.5648247599601746 26
1761592796772 0.5772849321365356 27
1761592797039 0.5984635949134827 28
1761592797334 0.5411097407341003 29
1761592788964 1.0978442430496216 0
