1761591954280 0.33886054158210754 0
1761591954586 0.20578230917453766 1
1761591954868 0.3341836631298065 2
1761591955170 0.29591837525367737 3
1761591955452 0.3086734712123871 4
1761591955687 0.2988945543766022 5
1761591955923 0.36649659276008606 6
1761591956161 0.35969388484954834 7
1761591956407 0.3405612111091614 8
1761591956640 0.31377550959587097 9
1761591956874 0.3503401279449463 10
1761591957124 0.32185372710227966 11
1761591957422 0.3979591727256775 12
1761591957686 0.35246598720550537 13
1761591957966 0.35246598720550537 14
1761591958246 0.37840136885643005 15
1761591958489 0.3758503496646881 16
1761591958732 0.3558673560619354 17
1761591958974 0.4136904776096344 18
1761591959208 0.37542515993118286 19
1761591959440 0.379676878452301 20
1761591959702 0.39838436245918274 21
1761591959942 0.380952388048172 22
1761591960183 0.4115646183490753 23
1761591960409 0.4068877696990967 24
1761591960643 0.3758503496646881 25
1761591960868 0.432823121547699 26
1761591961105 0.4047619104385376 27
1761591961353 0.4030612111091614 28
1761591961688 0.40731292963027954 29
1761591961950 0.3979591727256775 30
1761591962219 0.41326531767845154 31
1761591962456 0.42304420471191406 32
1761591962690 0.4179421663284302 33
1761591962934 0.38350340723991394 34
1761591963161 0.4285714328289032 35
1761591963391 0.4204931855201721 36
1761591963617 0.40816327929496765 37
1761591963859 0.4226190447807312 38
1761591964085 0.4115646183490753 39
1761591954280 0.33886054158210754 0
