1761591954280 1.1090140342712402 0
1761591954586 1.0972892045974731 1
1761591954868 1.1016368865966797 2
1761591955170 1.097414493560791 3
1761591955452 1.0967949628829956 4
1761591955687 1.093239665031433 5
1761591955923 1.0877145528793335 6
1761591956161 1.0765786170959473 7
1761591956407 1.0799130201339722 8
1761591956640 1.0751495361328125 9
1761591956874 1.0648527145385742 10
1761591957124 1.0621002912521362 11
1761591957422 1.0632119178771973 12
1761591957686 1.0633423328399658 13
1761591957966 1.0536634922027588 14
1761591958246 1.0643924474716187 15
1761591958489 1.044952630996704 16
1761591958732 1.0556646585464478 17
1761591958974 1.0521668195724487 18
1761591959208 1.0508356094360352 19
1761591959440 1.0451864004135132 20
1761591959702 1.040508508682251 21
1761591959942 1.0362790822982788 22
1761591960183 1.0382813215255737 23
1761591960409 1.0312280654907227 24
1761591960643 1.0229607820510864 25
1761591960868 1.0215190649032593 26
1761591961105 1.0285099744796753 27
1761591961353 1.033961296081543 28
1761591961688 1.013780951499939 29
1761591961950 1.027477502822876 30
1761591962219 1.0179142951965332 31
1761591962456 1.0127205848693848 32
1761591962690 1.0228240489959717 33
1761591962934 1.0206862688064575 34
1761591963161 1.021304965019226 35
1761591963391 1.0151902437210083 36
1761591963617 1.009252905845642 37
1761591963859 1.0188331604003906 38
1761591964085 1.0134905576705933 39
1761591954280 1.1090140342712402 0
