1761357698777 0.5711252689361572 0
1761357699273 0.6488322615623474 1
1761357699689 0.6377919316291809 2
1761357700165 0.6288747191429138 3
1761357700679 0.6535031795501709 4
1761357701156 0.6526539325714111 5
1761357701573 0.6777070164680481 6
1761357702004 0.6700636744499207 7
1761357702417 0.6917197704315186 8
1761357702831 0.7023354768753052 9
1761357703293 0.6934182643890381 10
1761357703785 0.7061570882797241 11
1761357704212 0.7600849270820618 12
1761357704645 0.7583864331245422 13
1761357705084 0.7494692206382751 14
1761357705538 0.7834395170211792 15
1761357706015 0.7804670929908752 16
1761357706507 0.7711252570152283 17
1761357707086 0.8191083073616028 18
1761357707587 0.8360934257507324 19
1761357708014 0.8445860147476196 20
1761357708434 0.8577494621276855 21
1761357708851 0.8679405450820923 22
1761357709269 0.8738853335380554 23
1761357709689 0.8921443819999695 24
1761357710117 0.8518046736717224 25
1761357710610 0.8598726391792297 26
1761357711058 0.8237791657447815 27
1761357711528 0.8169851303100586 28
1761357711941 0.868789792060852 29
1761357712366 0.8883227109909058 30
1761357712782 0.9087048768997192 31
1761357713200 0.918895959854126 32
1761357713626 0.9112526774406433 33
1761357714114 0.9235668778419495 34
1761357714570 0.9341825842857361 35
1761357714990 0.9392781257629395 36
1761357715415 0.9405519962310791 37
1761357715869 0.9163482189178467 38
1761357716305 0.9193205833435059 39
1761357716724 0.9341825842857361 40
1761357717173 0.8959660530090332 41
1761357717646 0.9044585824012756 42
1761357698777 0.5711252689361572 0
1761357735122 0.8237791657447815 43
1761357698777 0.5711252689361572 0
1761357698777 0.5711252689361572 0
