1761357698777 1.0588692426681519 0
1761357699273 0.9637748003005981 1
1761357699689 0.922122061252594 2
1761357700165 0.8530327081680298 3
1761357700679 0.8245927095413208 4
1761357701156 0.7710004448890686 5
1761357701573 0.7033274173736572 6
1761357702004 0.6534427404403687 7
1761357702417 0.5757669806480408 8
1761357702831 0.5786933898925781 9
1761357703293 0.5332775712013245 10
1761357703785 0.4986077845096588 11
1761357704212 0.41325643658638 12
1761357704645 0.3945600092411041 13
1761357705084 0.353054016828537 14
1761357705538 0.31677576899528503 15
1761357706015 0.34189292788505554 16
1761357706507 0.3196811378002167 17
1761357707086 0.25367027521133423 18
1761357707587 0.23326346278190613 19
1761357708014 0.20257869362831116 20
1761357708434 0.19090715050697327 21
1761357708851 0.17845948040485382 22
1761357709269 0.17556297779083252 23
1761357709689 0.16439127922058105 24
1761357710117 0.23807233572006226 25
1761357710610 0.2290084958076477 26
1761357711058 0.30286210775375366 27
1761357711528 0.41429612040519714 28
1761357711941 0.1972440630197525 29
1761357712366 0.14853988587856293 30
1761357712782 0.13006040453910828 31
1761357713200 0.12751223146915436 32
1761357713626 0.12773925065994263 33
1761357714114 0.1191641315817833 34
1761357714570 0.0902867317199707 35
1761357714990 0.08880995213985443 36
1761357715415 0.11803038418292999 37
1761357715869 0.14663386344909668 38
1761357716305 0.10684145241975784 39
1761357716724 0.10369580239057541 40
1761357717173 0.1924203336238861 41
1761357717646 0.17235806584358215 42
1761357698777 1.0588692426681519 0
1761357735122 0.30286210775375366 43
1761357698777 1.0588692426681519 0
1761357698777 1.0588692426681519 0
