1761353275499 0.2930576801300049 0
1761353276158 0.2339528203010559 1
1761353276838 0.20613160729408264 2
1761353277523 0.09201177209615707 3
1761353278326 0.020146099850535393 4
1761353278990 0.003484943648800254 5
1761353279600 0.0013465037336573005 6
1761353280327 0.0008805093821138144 7
1761353280991 0.0006082989857532084 8
1761353281546 0.0004689739434979856 9
1761353282174 0.00037354425876401365 10
1761353282843 0.0003033744287677109 11
1761353283487 0.0002556482213549316 12
1761353284205 0.00021675456082448363 13
1761353285055 0.00018496190023142844 14
1761353275499 0.2930576801300049 0
1761353275499 0.2930576801300049 0
1761353275499 0.2930576801300049 0
