1761351032788 1.131987452507019 0
1761351033093 0.9324052929878235 1
1761351033413 0.8118600845336914 2
1761351033712 0.6631489992141724 3
1761351033986 0.37753501534461975 4
1761351034254 0.20348301529884338 5
1761351034497 0.12652213871479034 6
1761351034769 0.03705699369311333 7
1761351035039 0.01999627612531185 8
1761351035308 0.012450369074940681 9
1761351035582 0.009645756334066391 10
1761351035860 0.007579248398542404 11
1761351036156 0.005030118394643068 12
1761351036448 0.005722136702388525 13
1761351036782 0.004581307992339134 14
1761351037100 0.0033423970453441143 15
1761351037419 0.0018985163187608123 16
1761351037718 0.0022092193830758333 17
1761351037956 0.0014482516562566161 18
1761351038193 0.0015401181299239397 19
1761351038441 0.0011309392284601927 20
1761351038716 0.0009412646759301424 21
1761351038992 0.0008041454129852355 22
1761351039257 0.000707161205355078 23
1761351039496 0.000690621614921838 24
1761351039763 0.0005374831380322576 25
1761351040042 0.00045249194954521954 26
1761351040335 0.00048732905997894704 27
1761351040663 0.000412733294069767 28
1761351040955 0.0003019993891939521 29
1761351041199 0.00026675499975681305 30
1761351041443 0.00027492098161019385 31
1761351041721 0.00020470585150178522 32
1761351041962 0.0001948504359461367 33
1761351042202 0.00017946260049939156 34
1761351042470 0.0001507591805420816 35
1761351042741 0.00013443380885291845 36
1761351042984 0.00012873244122602046 37
1761351043229 0.00011219461885048077 38
1761351043501 0.00010612030018819496 39
1761351043807 9.165075607597828e-05 40
1761351044140 8.558839181205258e-05 41
1761351044413 7.66740704420954e-05 42
1761351044656 7.51106854295358e-05 43
1761351044926 6.063746695872396e-05 44
1761351045172 5.39319880772382e-05 45
1761351045442 3.7362726288847625e-05 46
1761351045711 2.0426970877451822e-05 47
1761351045983 1.744486507959664e-05 48
1761351046254 1.4115889825916383e-05 49
1761351046522 1.0496938557480462e-05 50
1761351046796 8.623237590654753e-06 51
1761351047064 7.275930784089724e-06 52
1761351047370 7.174613983806921e-06 53
1761351047689 5.855580184288556e-06 54
1761351047947 5.426131792773958e-06 55
1761351048215 4.200056991976453e-06 56
1761351048456 3.923291842511389e-06 57
1761351048694 3.410778163015493e-06 58
1761351048960 3.1956003567756852e-06 59
1761351049224 2.925339003923e-06 60
1761351049464 2.5814836135396035e-06 61
1761351049727 2.305635234733927e-06 62
1761351049987 2.1608977931464324e-06 63
1761351050273 1.94251674656698e-06 64
1761351050538 1.8293809489478008e-06 65
1761351050833 1.7266210079469602e-06 66
1761351051100 1.6706874248484382e-06 67
1761351051393 1.515422582087922e-06 68
1761351051637 1.3462748711390304e-06 69
1761351051910 1.2455558362489683e-06 70
1761351052154 1.155564973487344e-06 71
1761351052421 1.1088787914559362e-06 72
1761351052662 1.060971612787398e-06 73
1761351052906 9.857377563093905e-07 74
1761351053179 8.943713396547537e-07 75
1761351053443 8.880337531991245e-07 76
1761351053689 8.323636961904413e-07 77
1761351053937 7.726067678959225e-07 78
1761351054201 7.12285782356048e-07 79
1761351054469 7.162225301726721e-07 80
1761351054780 6.494660169664712e-07 81
1761351055059 6.004869419484749e-07 82
1761351055327 6.014540190335538e-07 83
1761351055582 5.401169005381234e-07 84
1761351055826 5.205545789976895e-07 85
1761351056093 4.9608905783316e-07 86
1761351056362 4.591115612129215e-07 87
1761351056607 4.483353563955461e-07 88
1761351056880 4.073732782217121e-07 89
1761351057150 3.9414447883245884e-07 90
1761351057392 3.632956122601172e-07 91
1761351057636 3.5670692000167037e-07 92
1761351057906 3.220784492441453e-07 93
1761351058178 3.206480982953508e-07 94
1761351058479 2.9562173153863114e-07 95
1761351058748 2.7733693741538445e-07 96
1761351058991 2.593075691947888e-07 97
1761351059233 2.542512902437011e-07 98
1761351059498 2.4801985887279443e-07 99
1761351032788 1.131987452507019 0
1761351032788 1.131987452507019 0
1761351032788 1.131987452507019 0
