1761353209791 0.30613306164741516 0
1761353210095 0.18335501849651337 1
1761353210409 0.03555682301521301 2
1761353210696 0.0017937426455318928 3
1761353210965 0.0006646864931099117 4
1761353211237 0.0003432599187362939 5
1761353211509 0.00022430000535678118 6
1761353211775 0.00015131314285099506 7
1761353212039 0.00011093314969912171 8
1761353212305 8.496263762935996e-05 9
1761353212571 6.699368532281369e-05 10
1761353212841 5.417655120254494e-05 11
1761353213116 4.492201333050616e-05 12
1761353213381 3.7386216718005016e-05 13
1761353213694 3.173129880451597e-05 14
1761353214022 2.7205214792047627e-05 15
1761353214300 2.355990909563843e-05 16
1761353214574 2.0578423573169857e-05 17
1761353214843 1.8093482140102424e-05 18
1761353215134 1.601195071998518e-05 19
1761353215407 1.4254006600822322e-05 20
1761353215676 1.2750701898767147e-05 21
1761353215948 1.1468632692412939e-05 22
1761353216214 1.0339304026274476e-05 23
1761353216487 9.361334377899766e-06 24
1761353216753 8.512194654031191e-06 25
1761353217026 7.751266821287572e-06 26
1761353217316 7.0942342063062824e-06 27
1761353217631 6.5148124122060835e-06 28
1761353217916 5.9752919696620665e-06 29
1761353218182 5.4954230108705815e-06 30
1761353218448 5.072188287158497e-06 31
1761353218714 4.694674316851888e-06 32
1761353218979 4.356249064585427e-06 33
1761353219247 4.0395098039880395e-06 34
1761353219515 3.7542063182627317e-06 35
1761353219862 3.4931881600641645e-06 36
1761353220172 3.261718575231498e-06 37
1761353220438 3.0395351586776087e-06 38
1761353220718 2.8369968276820146e-06 39
1761353221024 2.65798394138983e-06 40
1761353221311 2.4876960651454283e-06 41
1761353221582 2.3305235572479432e-06 42
1761353221852 2.1875373477087123e-06 43
1761353222115 2.053837533821934e-06 44
1761353222386 1.930497774083051e-06 45
1761353222653 1.8151177982872468e-06 46
1761353222927 1.711678805804695e-06 47
1761353223189 1.610179310773674e-06 48
1761353223458 1.5189875739451963e-06 49
1761353223723 1.4339703966470552e-06 50
1761353223992 1.3535976677303552e-06 51
1761353224274 1.2808276323994505e-06 52
1761353224578 1.2083132787665818e-06 53
1761353224875 1.1411567584218574e-06 54
1761353225137 1.0791541171784047e-06 55
1761353225413 1.023224513119203e-06 56
1761353225679 9.689786111266585e-07 57
1761353225948 9.177948641081457e-07 58
1761353226214 8.69570612849202e-07 59
1761353226476 8.223159397857671e-07 60
1761353226747 7.81899302637612e-07 61
1761353227018 7.410234843518992e-07 62
1761353227287 7.042302172521886e-07 63
1761353227557 6.692229703730845e-07 64
1761353227839 6.356955282171839e-07 65
1761353228139 6.042093900759937e-07 66
1761353228437 5.736928869737312e-07 67
1761353228706 5.455748350868816e-07 68
1761353228974 5.180179982744448e-07 69
1761353229252 4.935230322189454e-07 70
1761353229519 4.689770776167279e-07 71
1761353229787 4.464723986075114e-07 72
1761353230057 4.2611097228473227e-07 73
1761353230335 4.0534126810598536e-07 74
1761353230617 3.8533707424903696e-07 75
1761353230884 3.6742514453180775e-07 76
1761353231152 3.493600502224581e-07 77
1761353231432 3.322136592487368e-07 78
1761353231729 3.169043054640497e-07 79
1761353232030 3.009315321378381e-07 80
1761353232299 2.8791859563170874e-07 81
1761353232568 2.746504605966038e-07 82
1761353232844 2.622498413984431e-07 83
1761353233118 2.4918585950217675e-07 84
1761353233389 2.3790794045908115e-07 85
1761353233654 2.273444437150829e-07 86
1761353233921 2.1744440914517327e-07 87
1761353234190 2.0580928605795634e-07 88
1761353234455 1.9708295440068468e-07 89
1761353234719 1.8794834488744527e-07 90
1761353234997 1.795282287275768e-07 91
1761353235300 1.7192454038195137e-07 92
1761353235598 1.6375952327507548e-07 93
1761353235865 1.5635997385743394e-07 94
1761353236130 1.496238581921716e-07 95
1761353236402 1.4293875949533685e-07 96
1761353236678 1.3671295562289743e-07 97
1761353236949 1.3012991928462725e-07 98
1761353237209 1.24261276823745e-07 99
1761353209791 0.30613306164741516 0
1761353209791 0.30613306164741516 0
1761353209791 0.30613306164741516 0
