1761592449875 0.3265306055545807 0
1761592450076 0.36734694242477417 1
1761592450250 0.32397958636283875 2
1761592450423 0.31590136885643005 3
1761592450596 0.3907313048839569 4
1761592450771 0.3222789168357849 5
1761592450950 0.3282313048839569 6
1761592451151 0.36734694242477417 7
1761592451325 0.33375850319862366 8
1761592451496 0.37244898080825806 9
1761592451669 0.3282313048839569 10
1761592451879 0.3698979616165161 11
1761592452061 0.32865646481513977 12
1761592452262 0.34353742003440857 13
1761592452451 0.37329933047294617 14
1761592452623 0.37542515993118286 15
1761592452794 0.3320578336715698 16
1761592452965 0.3937074840068817 17
1761592453135 0.32780611515045166 18
1761592453307 0.4094387888908386 19
1761592453479 0.3669217824935913 20
1761592453651 0.38647958636283875 21
1761592453827 0.37329933047294617 22
1761592454000 0.3860544264316559 23
1761592454178 0.3988095223903656 24
1761592454369 0.39625850319862366 25
1761592454565 0.3511904776096344 26
1761592454760 0.3847789168357849 27
1761592454956 0.3907313048839569 28
1761592455129 0.39243197441101074 29
1761592455328 0.37542515993118286 30
1761592455551 0.4077380895614624 31
1761592455745 0.39030611515045166 32
1761592455950 0.4107142984867096 33
1761592456148 0.3771258592605591 34
1761592456323 0.40433672070503235 35
1761592456497 0.3792516887187958 36
1761592456699 0.4085884392261505 37
1761592456901 0.41921767592430115 38
1761592457076 0.3830782175064087 39
1761592449875 0.3265306055545807 0
