1761592449875 1.1657854318618774 0
1761592450076 1.122909665107727 1
1761592450250 1.136895775794983 2
1761592450423 1.1300303936004639 3
1761592450596 1.1114888191223145 4
1761592450771 1.1262117624282837 5
1761592450950 1.0960475206375122 6
1761592451151 1.0850625038146973 7
1761592451325 1.0892384052276611 8
1761592451496 1.0845749378204346 9
1761592451669 1.0778124332427979 10
1761592451879 1.0764716863632202 11
1761592452061 1.0931655168533325 12
1761592452262 1.0896371603012085 13
1761592452451 1.0762462615966797 14
1761592452623 1.0690680742263794 15
1761592452794 1.0652574300765991 16
1761592452965 1.0470823049545288 17
1761592453135 1.0572075843811035 18
1761592453307 1.0521055459976196 19
1761592453479 1.0470530986785889 20
1761592453651 1.048120379447937 21
1761592453827 1.044651746749878 22
1761592454000 1.048919439315796 23
1761592454178 1.036307454109192 24
1761592454369 1.0502851009368896 25
1761592454565 1.0523922443389893 26
1761592454760 1.0381901264190674 27
1761592454956 1.0424033403396606 28
1761592455129 1.0372915267944336 29
1761592455328 1.0328983068466187 30
1761592455551 1.046971082687378 31
1761592455745 1.0397247076034546 32
1761592455950 1.0345243215560913 33
1761592456148 1.0191818475723267 34
1761592456323 1.025647521018982 35
1761592456497 1.0319668054580688 36
1761592456699 1.0228203535079956 37
1761592456901 1.018940806388855 38
1761592457076 1.024308204650879 39
1761592449875 1.1657854318618774 0
