1761589499067 0.41709184646606445 0
1761589499617 0.2610544264316559 1
1761589500199 0.42219388484954834 2
1761589500738 0.2695578336715698 3
1761589501310 0.3622449040412903 4
1761589501801 0.2780612111091614 5
1761589502258 0.35374149680137634 6
1761589502717 0.3227040767669678 7
1761589503192 0.34778910875320435 8
1761589503754 0.34778910875320435 9
1761589504258 0.3711734712123871 10
1761589504715 0.364370733499527 11
1761589505224 0.3550170063972473 12
1761589505773 0.3550170063972473 13
1761589506281 0.3937074840068817 14
1761589506761 0.33290815353393555 15
1761589507312 0.3707483112812042 16
1761589507809 0.3907313048839569 17
1761589508271 0.36181971430778503 18
1761589508729 0.3728741407394409 19
1761589509187 0.40051019191741943 20
1761589509643 0.36862245202064514 21
1761589510102 0.4145408272743225 22
1761589510606 0.38945579528808594 23
1761589511137 0.3996598720550537 24
1761589511608 0.4009353816509247 25
1761589512063 0.38137754797935486 26
1761589512518 0.42091837525367737 27
1761589512971 0.41326531767845154 28
1761589513433 0.3996598720550537 29
1761589513897 0.4294217824935913 30
1761589514441 0.3907313048839569 31
1761589514944 0.4285714328289032 32
1761589515403 0.41496598720550537 33
1761589515863 0.43027210235595703 34
1761589516329 0.41198980808258057 35
1761589516790 0.4306972920894623 36
1761589517251 0.4345238208770752 37
1761589517745 0.4047619104385376 38
1761589518282 0.4128401279449463 39
1761589499067 0.41709184646606445 0
1761589499067 0.41709184646606445 0
1761589499067 0.41709184646606445 0
