1761589499067 1.0994538068771362 0
1761589499617 1.1022461652755737 1
1761589500199 1.1073036193847656 2
1761589500738 1.0970871448516846 3
1761589501310 1.0853570699691772 4
1761589501801 1.0859750509262085 5
1761589502258 1.0812926292419434 6
1761589502717 1.0765025615692139 7
1761589503192 1.0726449489593506 8
1761589503754 1.078246831893921 9
1761589504258 1.0657821893692017 10
1761589504715 1.0655889511108398 11
1761589505224 1.0578585863113403 12
1761589505773 1.0557177066802979 13
1761589506281 1.059058427810669 14
1761589506761 1.0469765663146973 15
1761589507312 1.0559115409851074 16
1761589507809 1.049294352531433 17
1761589508271 1.050513744354248 18
1761589508729 1.0446557998657227 19
1761589509187 1.0448359251022339 20
1761589509643 1.0456173419952393 21
1761589510102 1.0383832454681396 22
1761589510606 1.035700798034668 23
1761589511137 1.0384961366653442 24
1761589511608 1.0322473049163818 25
1761589512063 1.026904821395874 26
1761589512518 1.0350041389465332 27
1761589512971 1.0239073038101196 28
1761589513433 1.0256553888320923 29
1761589513897 1.0211458206176758 30
1761589514441 1.0212293863296509 31
1761589514944 1.0163244009017944 32
1761589515403 1.0061438083648682 33
1761589515863 1.0109676122665405 34
1761589516329 1.0048091411590576 35
1761589516790 1.0073449611663818 36
1761589517251 1.0096120834350586 37
1761589517745 1.0134482383728027 38
1761589518282 1.0020861625671387 39
1761589499067 1.0994538068771362 0
1761589499067 1.0994538068771362 0
1761589499067 1.0994538068771362 0
