1761592806225 0.23426871001720428 0
1761592806613 0.2874149680137634 1
1761592806968 0.2865646183490753 2
1761592807351 0.3613945543766022 3
1761592807708 0.2916666567325592 4
1761592808091 0.32695579528808594 5
1761592808522 0.3431122303009033 6
1761592808972 0.33375850319862366 7
1761592809346 0.31207484006881714 8
1761592809744 0.3392857015132904 9
1761592810117 0.34396257996559143 10
1761592810497 0.3533163368701935 11
1761592810863 0.35161563754081726 12
1761592811266 0.3409864008426666 13
1761592811653 0.37159863114356995 14
1761592812079 0.37627550959587097 15
1761592812476 0.3847789168357849 16
1761592812856 0.36649659276008606 17
1761592813240 0.4030612111091614 18
1761592813627 0.38647958636283875 19
1761592814014 0.4034864008426666 20
1761592814415 0.4009353816509247 21
1761592814821 0.4306972920894623 22
1761592815212 0.4000850319862366 23
1761592815632 0.4226190447807312 24
1761592816039 0.41198980808258057 25
1761592816434 0.42091837525367737 26
1761592816816 0.4145408272743225 27
1761592817209 0.4158163368701935 28
1761592817601 0.42431971430778503 29
1761592817973 0.4017857015132904 30
1761592818362 0.42814627289772034 31
1761592818758 0.40433672070503235 32
1761592819181 0.43197280168533325 33
1761592819595 0.41198980808258057 34
1761592819975 0.4056122303009033 35
1761592820343 0.4115646183490753 36
1761592820719 0.43622449040412903 37
1761592821093 0.4077380895614624 38
1761592821460 0.40518707036972046 39
1761592806225 0.23426871001720428 0
