1761592806225 1.1172436475753784 0
1761592806613 1.1069797277450562 1
1761592806968 1.112038254737854 2
1761592807351 1.0957883596420288 3
1761592807708 1.103925108909607 4
1761592808091 1.0945451259613037 5
1761592808522 1.0965889692306519 6
1761592808972 1.0765460729599 7
1761592809346 1.0721851587295532 8
1761592809744 1.058786392211914 9
1761592810117 1.0691925287246704 10
1761592810497 1.0694670677185059 11
1761592810863 1.0592331886291504 12
1761592811266 1.0590165853500366 13
1761592811653 1.0515694618225098 14
1761592812079 1.0357993841171265 15
1761592812476 1.0338114500045776 16
1761592812856 1.0415725708007812 17
1761592813240 1.0402904748916626 18
1761592813627 1.0324296951293945 19
1761592814014 1.0374863147735596 20
1761592814415 1.0233463048934937 21
1761592814821 1.0282942056655884 22
1761592815212 1.0318940877914429 23
1761592815632 1.0165410041809082 24
1761592816039 1.0180790424346924 25
1761592816434 1.0172861814498901 26
1761592816816 1.0176647901535034 27
1761592817209 1.0076788663864136 28
1761592817601 1.0067662000656128 29
1761592817973 1.0109952688217163 30
1761592818362 0.995719850063324 31
1761592818758 1.0047346353530884 32
1761592819181 1.0056275129318237 33
1761592819595 1.0024064779281616 34
1761592819975 0.9934718608856201 35
1761592820343 1.0012176036834717 36
1761592820719 0.9881719350814819 37
1761592821093 0.9935349225997925 38
1761592821460 0.997263491153717 39
1761592806225 1.1172436475753784 0
