1761343694327 0.3782535791397095 0
1761343695848 0.21956339478492737 1
1761343697277 0.3068849742412567 2
1761343698727 0.517212450504303 3
1761343700235 0.45885810256004333 4
1761343701633 0.380352646112442 5
1761343702993 0.4433249235153198 6
1761343704394 0.5986565947532654 7
1761343705760 0.30100756883621216 8
1761343707181 0.3362720310688019 9
1761343708550 0.187657430768013 10
1761343709901 0.21158690750598907 11
1761343711263 0.3673383593559265 12
1761343712660 0.23971451818943024 13
1761343714019 0.30772459506988525 14
1761343694327 0.3782535791397095 0
1761343694327 0.3782535791397095 0
1761343694327 0.3782535791397095 0
