1761343694327 1.0987403392791748 0
1761343695848 1.0987470149993896 1
1761343697277 1.0986909866333008 2
1761343698727 1.0987204313278198 3
1761343700235 1.0986931324005127 4
1761343701633 1.0987178087234497 5
1761343702993 1.0986878871917725 6
1761343704394 1.0987011194229126 7
1761343705760 1.0986926555633545 8
1761343707181 1.0986887216567993 9
1761343708550 1.0987294912338257 10
1761343709901 1.0987133979797363 11
1761343711263 1.098748803138733 12
1761343712660 1.0988444089889526 13
1761343714019 1.0986958742141724 14
1761343694327 1.0987403392791748 0
1761343694327 1.0987403392791748 0
1761343694327 1.0987403392791748 0
