1761360418115 0.48195329308509827 0
1761360419054 0.5889596343040466 1
1761360419948 0.634819507598877 2
1761360420795 0.6416136026382446 3
1761360421637 0.6602972149848938 4
1761360422532 0.6547770500183105 5
1761360423377 0.6955413818359375 6
1761360424238 0.6645435094833374 7
1761360425088 0.6670913100242615 8
1761360425931 0.668789803981781 9
1761360426787 0.7061570882797241 10
1761360427690 0.7040339708328247 11
1761360428621 0.731634795665741 12
1761360429501 0.7214437127113342 13
1761360430340 0.7320594191551208 14
1761360418115 0.48195329308509827 0
1761360418115 0.48195329308509827 0
1761360418115 0.48195329308509827 0
