1761360418115 1.089882254600525 0
1761360419054 1.0238244533538818 1
1761360419948 1.0084339380264282 2
1761360420795 0.9745463728904724 3
1761360421637 0.9220935106277466 4
1761360422532 0.9220719933509827 5
1761360423377 0.9006268978118896 6
1761360424238 0.8538249135017395 7
1761360425088 0.8354619741439819 8
1761360425931 0.8120277523994446 9
1761360426787 0.7537117600440979 10
1761360427690 0.7065393924713135 11
1761360428621 0.6598339676856995 12
1761360429501 0.6179162859916687 13
1761360430340 0.6183242201805115 14
1761360418115 1.089882254600525 0
1761360418115 1.089882254600525 0
1761360418115 1.089882254600525 0
