1761589552075 0.31079933047294617 0
1761589552719 0.41198980808258057 1
1761589553456 0.4094387888908386 2
1761589554055 0.4306972920894623 3
1761589554675 0.42134353518486023 4
1761589555250 0.4566326439380646 5
1761589555860 0.4545068144798279 6
1761589556491 0.46471089124679565 7
1761589557057 0.4808673560619354 8
1761589557677 0.47066327929496765 9
1761589558246 0.48469388484954834 10
1761589558815 0.488095223903656 11
1761589559418 0.5080782175064087 12
1761589560056 0.5161564350128174 13
1761589560622 0.5284863710403442 14
1761589561189 0.545918345451355 15
1761589561749 0.550595223903656 16
1761589562308 0.5310373902320862 17
1761589562897 0.5612244606018066 18
1761589563529 0.569727897644043 19
1761589564108 0.5514456033706665 20
1761589564678 0.545918345451355 21
1761589565240 0.574404776096344 22
1761589565801 0.5705782175064087 23
1761589566395 0.5858843326568604 24
1761589567031 0.5701530575752258 25
1761589567616 0.5812074542045593 26
1761589568182 0.5858843326568604 27
1761589568770 0.586309552192688 28
1761589569346 0.6024659872055054 29
1761589552075 0.31079933047294617 0
1761589552075 0.31079933047294617 0
1761589552075 0.31079933047294617 0
