1761589552075 1.0961930751800537 0
1761589552719 1.0807462930679321 1
1761589553456 1.0525767803192139 2
1761589554055 1.002160668373108 3
1761589554675 0.981122612953186 4
1761589555250 0.9319714307785034 5
1761589555860 0.9145548343658447 6
1761589556491 0.8740519881248474 7
1761589557057 0.8462831377983093 8
1761589557677 0.8232674598693848 9
1761589558246 0.7958777546882629 10
1761589558815 0.7648997902870178 11
1761589559418 0.7572267055511475 12
1761589560056 0.7283055782318115 13
1761589560622 0.7010506987571716 14
1761589561189 0.6848086714744568 15
1761589561749 0.6755770444869995 16
1761589562308 0.6844989061355591 17
1761589562897 0.6240966320037842 18
1761589563529 0.6198564767837524 19
1761589564108 0.6494492888450623 20
1761589564678 0.6255318522453308 21
1761589565240 0.5975631475448608 22
1761589565801 0.5879207253456116 23
1761589566395 0.6026765704154968 24
1761589567031 0.6201944351196289 25
1761589567616 0.5725159049034119 26
1761589568182 0.5554155111312866 27
1761589568770 0.5376732349395752 28
1761589569346 0.5255036950111389 29
1761589552075 1.0961930751800537 0
1761589552075 1.0961930751800537 0
1761589552075 1.0961930751800537 0
