1761592871253 0.306547611951828 0
1761592871455 0.3375850319862366 1
1761592871653 0.3622449040412903 2
1761592871828 0.3511904776096344 3
1761592871998 0.3558673560619354 4
1761592872182 0.30527210235595703 5
1761592872354 0.38435372710227966 6
1761592872534 0.3363095223903656 7
1761592872708 0.3282313048839569 8
1761592872883 0.35756802558898926 9
1761592873064 0.3303571343421936 10
1761592873239 0.3652210831642151 11
1761592873425 0.3261054456233978 12
1761592873636 0.3886054456233978 13
1761592873841 0.35289114713668823 14
1761592874043 0.36649659276008606 15
1761592874216 0.37457484006881714 16
1761592874390 0.36734694242477417 17
1761592874565 0.3847789168357849 18
1761592874740 0.3443877696990967 19
1761592874939 0.4068877696990967 20
1761592875112 0.33673468232154846 21
1761592875285 0.379676878452301 22
1761592875463 0.36054420471191406 23
1761592875639 0.3920068144798279 24
1761592875828 0.38222789764404297 25
1761592876073 0.38435372710227966 26
1761592876265 0.39540815353393555 27
1761592876457 0.3958333432674408 28
1761592876640 0.4085884392261505 29
1761592876837 0.37457484006881714 30
1761592877040 0.386904776096344 31
1761592877298 0.385629266500473 32
1761592877489 0.4217686951160431 33
1761592877663 0.4272959232330322 34
1761592877842 0.3788265287876129 35
1761592878020 0.41496598720550537 36
1761592878222 0.40433672070503235 37
1761592878411 0.4115646183490753 38
1761592878594 0.4000850319862366 39
1761592871253 0.306547611951828 0
