1761592871253 1.1885830163955688 0
1761592871455 1.1230367422103882 1
1761592871653 1.1107189655303955 2
1761592871828 1.1021620035171509 3
1761592871998 1.1236170530319214 4
1761592872182 1.1064584255218506 5
1761592872354 1.094138503074646 6
1761592872534 1.0942590236663818 7
1761592872708 1.0939598083496094 8
1761592872883 1.088863492012024 9
1761592873064 1.0815867185592651 10
1761592873239 1.0798282623291016 11
1761592873425 1.0769239664077759 12
1761592873636 1.0601063966751099 13
1761592873841 1.0741487741470337 14
1761592874043 1.0754671096801758 15
1761592874216 1.0632559061050415 16
1761592874390 1.0593024492263794 17
1761592874565 1.043894648551941 18
1761592874740 1.0570106506347656 19
1761592874939 1.0662742853164673 20
1761592875112 1.056097388267517 21
1761592875285 1.0540989637374878 22
1761592875463 1.0560928583145142 23
1761592875639 1.0475740432739258 24
1761592875828 1.0445525646209717 25
1761592876073 1.0381596088409424 26
1761592876265 1.0468566417694092 27
1761592876457 1.032995343208313 28
1761592876640 1.0408284664154053 29
1761592876837 1.0426937341690063 30
1761592877040 1.0408111810684204 31
1761592877298 1.054599404335022 32
1761592877489 1.0363694429397583 33
1761592877663 1.0324212312698364 34
1761592877842 1.0413408279418945 35
1761592878020 1.0350960493087769 36
1761592878222 1.0390257835388184 37
1761592878411 1.0260893106460571 38
1761592878594 1.0364086627960205 39
1761592871253 1.1885830163955688 0
