1761258867428 0.6263644099235535 0
1761258868062 0.6272040009498596 1
1761258868704 0.6272040009498596 2
1761258869425 0.6272040009498596 3
1761258870117 0.6272040009498596 4
1761258870776 0.6272040009498596 5
1761258871431 0.6272040009498596 6
1761258872118 0.6272040009498596 7
1761258872768 0.6272040009498596 8
1761258873429 0.6272040009498596 9
1761258874109 0.6272040009498596 10
1761258874756 0.6272040009498596 11
1761258875401 0.6272040009498596 12
1761258876054 0.6272040009498596 13
1761258876688 0.6272040009498596 14
1761258867428 0.6263644099235535 0
1761258867428 0.6263644099235535 0
1761258867428 0.6263644099235535 0
