1761258867428 1.08488130569458 0
1761258868062 1.0448380708694458 1
1761258868704 1.0155696868896484 2
1761258869425 0.9921513199806213 3
1761258870117 0.9736248254776001 4
1761258870776 0.9591973423957825 5
1761258871431 0.9481869339942932 6
1761258872118 0.9396519660949707 7
1761258872768 0.9335141181945801 8
1761258873429 0.9290317296981812 9
1761258874109 0.9258212447166443 10
1761258874756 0.9234791398048401 11
1761258875401 0.9218845367431641 12
1761258876054 0.9208161234855652 13
1761258876688 0.9201259613037109 14
1761258867428 1.08488130569458 0
1761258867428 1.08488130569458 0
1761258867428 1.08488130569458 0
