1761592366582 0.42899659276008606 0
1761592366898 0.4413265287876129 1
1761592367197 0.3958333432674408 2
1761592367534 0.4217686951160431 3
1761592367876 0.4047619104385376 4
1761592368216 0.44005101919174194 5
1761592368556 0.44302719831466675 6
1761592368880 0.4515306055545807 7
1761592369155 0.43877550959587097 8
1761592369427 0.4753401279449463 9
1761592369702 0.47789114713668823 10
1761592370013 0.488095223903656 11
1761592370319 0.4889455735683441 12
1761592370598 0.516581654548645 13
1761592370916 0.5259353518486023 14
1761592371204 0.5182822942733765 15
1761592371524 0.5323129296302795 16
1761592371834 0.541241466999054 17
1761592372161 0.5357142686843872 18
1761592372487 0.5408163070678711 19
1761592372784 0.5221088528633118 20
1761592373048 0.5663265585899353 21
1761592373315 0.574404776096344 22
1761592373589 0.5654761791229248 23
1761592373889 0.5573979616165161 24
1761592374155 0.5616496801376343 25
1761592374416 0.571853756904602 26
1761592374682 0.5731292366981506 27
1761592374953 0.5680271983146667 28
1761592375252 0.5956632494926453 29
1761592375563 0.5833333134651184 30
1761592375865 0.5676020383834839 31
1761592376135 0.5773809552192688 32
1761592376421 0.5914115905761719 33
1761592376695 0.6139456033706665 34
1761592376967 0.6024659872055054 35
1761592377262 0.6088435649871826 36
1761592377549 0.6054421663284302 37
1761592377824 0.5994898080825806 38
1761592378093 0.6054421663284302 39
1761592366582 0.42899659276008606 0
