1761592366582 1.1000174283981323 0
1761592366898 1.083820104598999 1
1761592367197 1.0623043775558472 2
1761592367534 1.031172513961792 3
1761592367876 1.0070748329162598 4
1761592368216 0.9766719341278076 5
1761592368556 0.9529935717582703 6
1761592368880 0.9454821348190308 7
1761592369155 0.9204792976379395 8
1761592369427 0.8886319994926453 9
1761592369702 0.8657506108283997 10
1761592370013 0.8366236686706543 11
1761592370319 0.814893364906311 12
1761592370598 0.7687637209892273 13
1761592370916 0.7674631476402283 14
1761592371204 0.7489757537841797 15
1761592371524 0.7052730321884155 16
1761592371834 0.7059000134468079 17
1761592372161 0.6989994645118713 18
1761592372487 0.6803691983222961 19
1761592372784 0.6799015402793884 20
1761592373048 0.6421371102333069 21
1761592373315 0.6284148693084717 22
1761592373589 0.5964349508285522 23
1761592373889 0.6416499614715576 24
1761592374155 0.6156661510467529 25
1761592374416 0.6085478663444519 26
1761592374682 0.6014372110366821 27
1761592374953 0.6074988842010498 28
1761592375252 0.5733550190925598 29
1761592375563 0.5459277033805847 30
1761592375865 0.6020839214324951 31
1761592376135 0.5908337831497192 32
1761592376421 0.5408877730369568 33
1761592376695 0.5262587070465088 34
1761592376967 0.533607542514801 35
1761592377262 0.5165465474128723 36
1761592377549 0.5353533029556274 37
1761592377824 0.5328744649887085 38
1761592378093 0.5218232274055481 39
1761592366582 1.1000174283981323 0
