1761360337630 0.6301486492156982 0
1761360338124 0.6700636744499207 1
1761360338547 0.6428874731063843 2
1761360339031 0.6386411786079407 3
1761360339547 0.6615711450576782 4
1761360339986 0.6581740975379944 5
1761360340452 0.6912950873374939 6
1761360340865 0.6959660053253174 7
1761360341330 0.700212299823761 8
1761360341743 0.7244161367416382 9
1761360342161 0.7371549606323242 10
1761360342577 0.7099787592887878 11
1761360342990 0.7634819746017456 12
1761360343407 0.7600849270820618 13
1761360343822 0.7753715515136719 14
1761360344239 0.8042463064193726 15
1761360344718 0.8208068013191223 16
1761360345190 0.8250530958175659 17
1761360345614 0.8161358833312988 18
1761360346029 0.862420380115509 19
1761360346449 0.8454352617263794 20
1761360346870 0.8641188740730286 21
1761360347319 0.8407643437385559 22
1761360347736 0.8641188740730286 23
1761360348153 0.8738853335380554 24
1761360348570 0.8912951350212097 25
1761360348992 0.8942674994468689 26
1761360349408 0.9036093354225159 27
1761360349821 0.9023354649543762 28
1761360350237 0.8980891704559326 29
1761360350657 0.9256899952888489 30
1761360351072 0.9380042552947998 31
1761360337630 0.6301486492156982 0
1761360367035 0.8208068013191223 32
1761360337630 0.6301486492156982 0
1761360337630 0.6301486492156982 0
