1761360337630 1.0390537977218628 0
1761360338124 0.9548481702804565 1
1761360338547 0.8775695562362671 2
1761360339031 0.8242165446281433 3
1761360339547 0.7867264151573181 4
1761360339986 0.7251394987106323 5
1761360340452 0.6998944878578186 6
1761360340865 0.6012016534805298 7
1761360341330 0.5504147410392761 8
1761360341743 0.5125012397766113 9
1761360342161 0.5025091171264648 10
1761360342577 0.46002665162086487 11
1761360342990 0.3857114613056183 12
1761360343407 0.3802322447299957 13
1761360343822 0.3525661528110504 14
1761360344239 0.26902326941490173 15
1761360344718 0.30948445200920105 16
1761360345190 0.24887044727802277 17
1761360345614 0.25387880206108093 18
1761360346029 0.20314033329486847 19
1761360346449 0.20133553445339203 20
1761360346870 0.2323438972234726 21
1761360347319 0.276762455701828 22
1761360347736 0.1974608600139618 23
1761360348153 0.16967520117759705 24
1761360348570 0.16216111183166504 25
1761360348992 0.1637939214706421 26
1761360349408 0.15456196665763855 27
1761360349821 0.13607056438922882 28
1761360350237 0.13883399963378906 29
1761360350657 0.10466007888317108 30
1761360351072 0.08929426223039627 31
1761360337630 1.0390537977218628 0
1761360367035 0.30948445200920105 32
1761360337630 1.0390537977218628 0
1761360337630 1.0390537977218628 0
