1761262596717 0.18681779503822327 0
1761262597246 0.18136020004749298 1
1761262597690 0.18136020004749298 2
1761262598157 0.18136020004749298 3
1761262598668 0.18136020004749298 4
1761262599142 0.18136020004749298 5
1761262599597 0.18136020004749298 6
1761262600089 0.18136020004749298 7
1761262600543 0.18136020004749298 8
1761262601037 0.18136020004749298 9
1761262601520 0.18136020004749298 10
1761262601977 0.18136020004749298 11
1761262602427 0.18136020004749298 12
1761262602876 0.18136020004749298 13
1761262603329 0.18136020004749298 14
1761262603784 0.18136020004749298 15
1761262596717 0.18681779503822327 0
1761262620992 0.18681779503822327 16
1761262596717 0.18681779503822327 0
1761262596717 0.18681779503822327 0
