1761360382097 0.5481953024864197 0
1761360382555 0.6526539325714111 1
1761360382966 0.6683651804924011 2
1761360383378 0.6229299306869507 3
1761360383833 0.671762228012085 4
1761360384256 0.6980891823768616 5
1761360384665 0.6501061320304871 6
1761360385075 0.700212299823761 7
1761360385488 0.7201698422431946 8
1761360385900 0.6946921348571777 9
1761360386361 0.7074310183525085 10
1761360386776 0.7231422662734985 11
1761360387234 0.7384288907051086 12
1761360387703 0.7558386325836182 13
1761360388161 0.7702760100364685 14
1761360382097 0.5481953024864197 0
1761360382097 0.5481953024864197 0
1761360382097 0.5481953024864197 0
