1761360382097 1.0449838638305664 0
1761360382555 0.9423891305923462 1
1761360382966 0.8843369483947754 2
1761360383378 0.8409921526908875 3
1761360383833 0.7885342836380005 4
1761360384256 0.7344120740890503 5
1761360384665 0.7115750908851624 6
1761360385075 0.6663190126419067 7
1761360385488 0.6110901236534119 8
1761360385900 0.6098163723945618 9
1761360386361 0.5737993717193604 10
1761360386776 0.5139642357826233 11
1761360387234 0.47937917709350586 12
1761360387703 0.4526485502719879 13
1761360388161 0.4308168590068817 14
1761360382097 1.0449838638305664 0
1761360382097 1.0449838638305664 0
1761360382097 1.0449838638305664 0
