1761258818676 0.6230058670043945 0
1761258819012 0.6272040009498596 1
1761258819284 0.6272040009498596 2
1761258819552 0.6272040009498596 3
1761258819806 0.6272040009498596 4
1761258820083 0.6272040009498596 5
1761258820359 0.6272040009498596 6
1761258820606 0.6272040009498596 7
1761258820851 0.6272040009498596 8
1761258821095 0.6272040009498596 9
1761258821347 0.6272040009498596 10
1761258821642 0.6272040009498596 11
1761258821933 0.6272040009498596 12
1761258822188 0.6272040009498596 13
1761258822442 0.6272040009498596 14
1761258818676 0.6230058670043945 0
1761258818676 0.6230058670043945 0
1761258818676 0.6230058670043945 0
