1761258818676 1.1211860179901123 0
1761258819012 0.9440135955810547 1
1761258819284 0.9227005839347839 2
1761258819552 0.9226918816566467 3
1761258819806 0.9212777614593506 4
1761258820083 0.9205906391143799 5
1761258820359 0.9203682541847229 6
1761258820606 0.9207313656806946 7
1761258820851 0.9203524589538574 8
1761258821095 0.9195212125778198 9
1761258821347 0.9202489256858826 10
1761258821642 0.9210646748542786 11
1761258821933 0.9195713400840759 12
1761258822188 0.9190908670425415 13
1761258822442 0.9201734066009521 14
1761258818676 1.1211860179901123 0
1761258818676 1.1211860179901123 0
1761258818676 1.1211860179901123 0
