1761349471235 0.5612157583236694 0
1761349471538 0.6035959124565125 1
1761349471833 0.6434075236320496 2
1761349472132 0.7251712083816528 3
1761349472450 0.8874143958091736 4
1761349472722 0.9833047986030579 5
1761349472993 0.9897260069847107 6
1761349473237 0.9490582346916199 7
1761349473513 0.9995719194412231 8
1761349473813 0.9991438388824463 9
1761349474075 1.0 10
1761349474314 1.0 11
1761349474577 1.0 12
1761349474839 1.0 13
1761349475197 1.0 14
1761349475505 1.0 15
1761349475769 1.0 16
1761349476040 1.0 17
1761349476317 1.0 18
1761349476591 1.0 19
1761349476831 1.0 20
1761349477082 1.0 21
1761349477349 1.0 22
1761349477589 1.0 23
1761349477836 1.0 24
1761349478111 1.0 25
1761349478397 1.0 26
1761349478685 1.0 27
1761349478958 1.0 28
1761349479233 1.0 29
1761349479475 1.0 30
1761349479743 1.0 31
1761349479984 1.0 32
1761349480249 1.0 33
1761349480487 1.0 34
1761349480729 1.0 35
1761349480998 1.0 36
1761349481241 1.0 37
1761349481503 1.0 38
1761349481741 1.0 39
1761349482039 1.0 40
1761349482327 1.0 41
1761349482585 1.0 42
1761349482856 1.0 43
1761349483125 1.0 44
1761349483365 1.0 45
1761349483602 1.0 46
1761349483846 1.0 47
1761349484106 1.0 48
1761349484376 1.0 49
1761349484615 1.0 50
1761349484856 1.0 51
1761349485126 1.0 52
1761349485396 1.0 53
1761349485683 1.0 54
1761349485970 1.0 55
1761349486238 1.0 56
1761349486483 1.0 57
1761349486725 1.0 58
1761349486961 1.0 59
1761349487227 1.0 60
1761349487469 1.0 61
1761349487738 1.0 62
1761349487985 1.0 63
1761349488246 1.0 64
1761349488487 1.0 65
1761349488750 1.0 66
1761349489021 1.0 67
1761349489316 1.0 68
1761349489590 1.0 69
1761349489837 1.0 70
1761349490072 1.0 71
1761349490340 1.0 72
1761349490581 1.0 73
1761349490850 1.0 74
1761349491119 1.0 75
1761349491392 1.0 76
1761349491631 1.0 77
1761349491871 1.0 78
1761349492110 1.0 79
1761349492351 1.0 80
1761349492601 1.0 81
1761349492890 1.0 82
1761349493186 1.0 83
1761349493456 1.0 84
1761349493721 1.0 85
1761349493959 1.0 86
1761349494196 1.0 87
1761349494460 1.0 88
1761349494696 1.0 89
1761349494934 1.0 90
1761349495202 1.0 91
1761349495475 1.0 92
1761349495716 1.0 93
1761349495989 1.0 94
1761349496275 1.0 95
1761349496537 1.0 96
1761349496820 1.0 97
1761349497085 1.0 98
1761349497348 1.0 99
1761349471235 0.5612157583236694 0
1761349471235 0.5612157583236694 0
1761349471235 0.5612157583236694 0
