1761349471235 1.2012078762054443 0
1761349471538 0.939815878868103 1
1761349471833 0.8122352957725525 2
1761349472132 0.6770557165145874 3
1761349472450 0.398661732673645 4
1761349472722 0.15360336005687714 5
1761349472993 0.0802420973777771 6
1761349473237 0.1572359949350357 7
1761349473513 0.017830265685915947 8
1761349473813 0.011873719282448292 9
1761349474075 0.007994022220373154 10
1761349474314 0.0046029724180698395 11
1761349474577 0.003804604522883892 12
1761349474839 0.0028688746970146894 13
1761349475197 0.00201850151643157 14
1761349475505 0.001569056767039001 15
1761349475769 0.0014631978701800108 16
1761349476040 0.0010130202863365412 17
1761349476317 0.0010807111393660307 18
1761349476591 0.0007660791743546724 19
1761349476831 0.0006189760169945657 20
1761349477082 0.0005934400833211839 21
1761349477349 0.0008438955410383642 22
1761349477589 0.0004051355645060539 23
1761349477836 0.0005672723636962473 24
1761349478111 0.000280352687695995 25
1761349478397 0.0002462402335368097 26
1761349478685 0.000414993119193241 27
1761349478958 0.00016323337331414223 28
1761349479233 0.00013509017298929393 29
1761349479475 0.00011997036199318245 30
1761349479743 0.00011198753054486588 31
1761349479984 0.00011611836089286953 32
1761349480249 9.642635995987803e-05 33
1761349480487 8.798337512416765e-05 34
1761349480729 7.071397703839466e-05 35
1761349480998 6.38186902506277e-05 36
1761349481241 6.214379391167313e-05 37
1761349481503 6.82070676703006e-05 38
1761349481741 5.148367563378997e-05 39
1761349482039 4.697442636825144e-05 40
1761349482327 4.842287671635859e-05 41
1761349482585 3.9428938180208206e-05 42
1761349482856 3.7187961424933746e-05 43
1761349483125 3.2622148864902556e-05 44
1761349483365 3.081920658587478e-05 45
1761349483602 3.194023884134367e-05 46
1761349483846 2.9465320039889775e-05 47
1761349484106 2.4927174308686517e-05 48
1761349484376 2.324766683159396e-05 49
1761349484615 2.3021551896817982e-05 50
1761349484856 2.3194294044515118e-05 51
1761349485126 2.00113863684237e-05 52
1761349485396 1.816732947190758e-05 53
1761349485683 1.6398318621213548e-05 54
1761349485970 1.9961937141488306e-05 55
1761349486238 1.5794816135894507e-05 56
1761349486483 1.4217348507372662e-05 57
1761349486725 1.3430373655864969e-05 58
1761349486961 1.2238480849191546e-05 59
1761349487227 1.2264327779121231e-05 60
1761349487469 1.3606239917862695e-05 61
1761349487738 1.0635129001457244e-05 62
1761349487985 1.0390219358669128e-05 63
1761349488246 9.714014595374465e-06 64
1761349488487 8.817678462946787e-06 65
1761349488750 8.65421043272363e-06 66
1761349489021 8.206242455344182e-06 67
1761349489316 7.487190941901645e-06 68
1761349489590 7.715028914390132e-06 69
1761349489837 7.0346668508136645e-06 70
1761349490072 6.7529690568335354e-06 71
1761349490340 6.083364951336989e-06 72
1761349490581 5.788749604107579e-06 73
1761349490850 5.529778263735352e-06 74
1761349491119 5.165675702301087e-06 75
1761349491392 4.978057859261753e-06 76
1761349491631 4.918338618153939e-06 77
1761349491871 4.49039771410753e-06 78
1761349492110 4.387737590150209e-06 79
1761349492351 4.298858584661502e-06 80
1761349492601 3.992994152213214e-06 81
1761349492890 3.704274149640696e-06 82
1761349493186 3.6058409023098648e-06 83
1761349493456 3.250836016377434e-06 84
1761349493721 3.2165326047106646e-06 85
1761349493959 3.1828055853111437e-06 86
1761349494196 3.006448423548136e-06 87
1761349494460 2.8737899810948875e-06 88
1761349494696 2.5542299226799514e-06 89
1761349494934 2.66474262389238e-06 90
1761349495202 2.337404112040531e-06 91
1761349495475 2.1657933757524006e-06 92
1761349495716 2.0840468550886726e-06 93
1761349495989 2.001831262532505e-06 94
1761349496275 1.9568662992242025e-06 95
1761349496537 1.9292094748379895e-06 96
1761349496820 1.7568407884027692e-06 97
1761349497085 1.7149382074421737e-06 98
1761349497348 1.6748249436204787e-06 99
1761349471235 1.2012078762054443 0
1761349471235 1.2012078762054443 0
1761349471235 1.2012078762054443 0
