1761350234848 0.9691784977912903 0
1761350235490 0.5987698435783386 1
1761350236154 0.03428522124886513 2
1761350236810 0.0028283288702368736 3
1761350237440 0.0017125967424362898 4
1761350238046 0.0011650201631709933 5
1761350238638 0.0008550884085707366 6
1761350239263 0.0006577134481631219 7
1761350239956 0.0005226594512350857 8
1761350240573 0.0004271598008926958 9
1761350241169 0.0003559747710824013 10
1761350241755 0.00030166099895723164 11
1761350242336 0.0002590094809420407 12
1761350242948 0.0002248521923320368 13
1761350243609 0.00019718008115887642 14
1761350234848 0.9691784977912903 0
1761350234848 0.9691784977912903 0
1761350234848 0.9691784977912903 0
