1761590928124 0.3639455735683441 0
1761590928993 0.22789116203784943 1
1761590929933 0.30994898080825806 2
1761590930733 0.27423468232154846 3
1761590931570 0.3652210831642151 4
1761590932460 0.32865646481513977 5
1761590933277 0.31590136885643005 6
1761590934106 0.32865646481513977 7
1761590934922 0.31802719831466675 8
1761590935824 0.32780611515045166 9
1761590936732 0.34353742003440857 10
1761590937629 0.35161563754081726 11
1761590938656 0.379676878452301 12
1761590939525 0.3622449040412903 13
1761590940471 0.37542515993118286 14
1761590941709 0.3818027079105377 15
1761590942528 0.38732993602752686 16
1761590943373 0.3801020383834839 17
1761590944211 0.4017857015132904 18
1761590945058 0.39838436245918274 19
1761590945910 0.4085884392261505 20
1761590946693 0.37840136885643005 21
1761590947530 0.4017857015132904 22
1761590948348 0.40433672070503235 23
1761590949142 0.41539114713668823 24
1761590950034 0.39923468232154846 25
1761590950848 0.42899659276008606 26
1761590951643 0.4187925159931183 27
1761590952426 0.4217686951160431 28
1761590953205 0.4098639488220215 29
1761590953992 0.41028910875320435 30
1761590954864 0.4204931855201721 31
1761590955683 0.4196428656578064 32
1761590956468 0.4306972920894623 33
1761590957250 0.4056122303009033 34
1761590958044 0.4285714328289032 35
1761590958896 0.42431971430778503 36
1761590959788 0.42134353518486023 37
1761590960601 0.431547611951828 38
1761590961391 0.425595223903656 39
1761590928124 0.3639455735683441 0
1761590928124 0.3639455735683441 0
1761590928124 0.3639455735683441 0
