1761590928124 1.1195088624954224 0
1761590928993 1.1206969022750854 1
1761590929933 1.1027171611785889 2
1761590930733 1.1000549793243408 3
1761590931570 1.087214708328247 4
1761590932460 1.08501136302948 5
1761590933277 1.0721572637557983 6
1761590934106 1.0749282836914062 7
1761590934922 1.0653102397918701 8
1761590935824 1.0757055282592773 9
1761590936732 1.0569833517074585 10
1761590937629 1.0539145469665527 11
1761590938656 1.0479298830032349 12
1761590939525 1.0464015007019043 13
1761590940471 1.058586835861206 14
1761590941709 1.0520833730697632 15
1761590942528 1.0348581075668335 16
1761590943373 1.0522197484970093 17
1761590944211 1.0335460901260376 18
1761590945058 1.033086895942688 19
1761590945910 1.0239343643188477 20
1761590946693 1.0408762693405151 21
1761590947530 1.0229178667068481 22
1761590948348 1.019620418548584 23
1761590949142 1.0246262550354004 24
1761590950034 1.021679401397705 25
1761590950848 1.0245612859725952 26
1761590951643 1.0105870962142944 27
1761590952426 1.0021045207977295 28
1761590953205 1.015495777130127 29
1761590953992 1.0081230401992798 30
1761590954864 1.0067564249038696 31
1761590955683 1.0072205066680908 32
1761590956468 1.009677767753601 33
1761590957250 0.9996415972709656 34
1761590958044 0.9933646321296692 35
1761590958896 0.990473210811615 36
1761590959788 0.987436830997467 37
1761590960601 1.0062437057495117 38
1761590961391 0.9928486347198486 39
1761590928124 1.1195088624954224 0
1761590928124 1.1195088624954224 0
1761590928124 1.1195088624954224 0
