1761589599958 0.301870733499527 0
1761589600944 0.3103741407394409 1
1761589601911 0.2083333283662796 2
1761589602759 0.3728741407394409 3
1761589603631 0.2954931855201721 4
1761589604549 0.255952388048172 5
1761589605370 0.3125 6
1761589606170 0.36181971430778503 7
1761589606986 0.33588436245918274 8
1761589607910 0.33588436245918274 9
1761589608726 0.36564627289772034 10
1761589609510 0.3282313048839569 11
1761589610313 0.35246598720550537 12
1761589611246 0.39030611515045166 13
1761589612077 0.3601190447807312 14
1761589612901 0.36947280168533325 15
1761589613699 0.39115646481513977 16
1761589614489 0.3920068144798279 17
1761589615298 0.386904776096344 18
1761589616208 0.3907313048839569 19
1761589617045 0.4196428656578064 20
1761589617855 0.37670066952705383 21
1761589618649 0.4085884392261505 22
1761589619449 0.40603742003440857 23
1761589620255 0.4158163368701935 24
1761589621191 0.39753401279449463 25
1761589622039 0.4098639488220215 26
1761589622846 0.4068877696990967 27
1761589623657 0.4000850319862366 28
1761589624459 0.4077380895614624 29
1761589625258 0.42517006397247314 30
1761589626247 0.42304420471191406 31
1761589627127 0.4068877696990967 32
1761589627920 0.4124149680137634 33
1761589628707 0.41496598720550537 34
1761589629593 0.4094387888908386 35
1761589630425 0.4272959232330322 36
1761589631228 0.4204931855201721 37
1761589632114 0.41539114713668823 38
1761589633024 0.426870733499527 39
1761589599958 0.301870733499527 0
1761589599958 0.301870733499527 0
1761589599958 0.301870733499527 0
