1761589599958 1.1092525720596313 0
1761589600944 1.1203420162200928 1
1761589601911 1.106147289276123 2
1761589602759 1.1196258068084717 3
1761589603631 1.0969997644424438 4
1761589604549 1.1034590005874634 5
1761589605370 1.08230721950531 6
1761589606170 1.0761216878890991 7
1761589606986 1.0655776262283325 8
1761589607910 1.0549981594085693 9
1761589608726 1.0528029203414917 10
1761589609510 1.0579787492752075 11
1761589610313 1.0569785833358765 12
1761589611246 1.05565345287323 13
1761589612077 1.0548150539398193 14
1761589612901 1.0441231727600098 15
1761589613699 1.0448142290115356 16
1761589614489 1.0410293340682983 17
1761589615298 1.0326086282730103 18
1761589616208 1.0472663640975952 19
1761589617045 1.0406970977783203 20
1761589617855 1.0285724401474 21
1761589618649 1.035978078842163 22
1761589619449 1.021655797958374 23
1761589620255 1.024402141571045 24
1761589621191 1.0262740850448608 25
1761589622039 1.0209465026855469 26
1761589622846 1.0147448778152466 27
1761589623657 1.0228773355484009 28
1761589624459 1.0240960121154785 29
1761589625258 1.011132836341858 30
1761589626247 1.0027096271514893 31
1761589627127 1.0008673667907715 32
1761589627920 1.0061794519424438 33
1761589628707 1.002581000328064 34
1761589629593 0.9850481748580933 35
1761589630425 1.00052809715271 36
1761589631228 0.9886026382446289 37
1761589632114 0.988021731376648 38
1761589633024 0.9910767078399658 39
1761589599958 1.1092525720596313 0
1761589599958 1.1092525720596313 0
1761589599958 1.1092525720596313 0
