1761357826887 0.5915074348449707 0
1761357827790 0.5282378196716309 1
1761357828659 0.6225053071975708 2
1761357829564 0.6106157302856445 3
1761357830333 0.6785562634468079 4
1761357831117 0.6755838394165039 5
1761357831948 0.6475583910942078 6
1761357832730 0.6785562634468079 7
1761357833502 0.6420382261276245 8
1761357834270 0.6955413818359375 9
1761357835223 0.6445859670639038 10
1761357836040 0.6501061320304871 11
1761357836814 0.6666666865348816 12
1761357837579 0.6811040043830872 13
1761357838353 0.6577494740486145 14
1761357826887 0.5915074348449707 0
1761357826887 0.5915074348449707 0
1761357826887 0.5915074348449707 0
