1761357826887 1.0918997526168823 0
1761357827790 1.062707543373108 1
1761357828659 1.0399236679077148 2
1761357829564 1.023801326751709 3
1761357830333 1.0018771886825562 4
1761357831117 0.9748229384422302 5
1761357831948 0.9597985148429871 6
1761357832730 0.9395330548286438 7
1761357833502 0.9212441444396973 8
1761357834270 0.8992908000946045 9
1761357835223 0.8910436034202576 10
1761357836040 0.8694247603416443 11
1761357836814 0.8507398366928101 12
1761357837579 0.8251186609268188 13
1761357838353 0.813367486000061 14
1761357826887 1.0918997526168823 0
1761357826887 1.0918997526168823 0
1761357826887 1.0918997526168823 0
