1761590879502 0.3022959232330322 0
1761590880149 0.2589285671710968 1
1761590880723 0.3392857015132904 2
1761590881359 0.36947280168533325 3
1761590882000 0.3988095223903656 4
1761590882620 0.41496598720550537 5
1761590883245 0.42517006397247314 6
1761590883838 0.43579933047294617 7
1761590884555 0.4404761791229248 8
1761590885203 0.4566326439380646 9
1761590885833 0.4732142984867096 10
1761590886403 0.4910714328289032 11
1761590886972 0.4812925159931183 12
1761590887635 0.5161564350128174 13
1761590888359 0.5284863710403442 14
1761590888999 0.521258533000946 15
1761590889572 0.5467687249183655 16
1761590890139 0.5352891087532043 17
1761590890708 0.5391156673431396 18
1761590891339 0.5544217824935913 19
1761590891969 0.5429421663284302 20
1761590892534 0.5693027377128601 21
1761590893101 0.5595238208770752 22
1761590893672 0.5761054158210754 23
1761590894236 0.5833333134651184 24
1761590894802 0.5769557952880859 25
1761590895372 0.5773809552192688 26
1761590896019 0.5939626097679138 27
1761590896652 0.5901360511779785 28
1761590897225 0.5926870703697205 29
1761590879502 0.3022959232330322 0
1761590879502 0.3022959232330322 0
1761590879502 0.3022959232330322 0
