1761590879502 1.0987770557403564 0
1761590880149 1.0884343385696411 1
1761590880723 1.0778071880340576 2
1761590881359 1.0561999082565308 3
1761590882000 1.0271599292755127 4
1761590882620 0.9911830425262451 5
1761590883245 0.9565156698226929 6
1761590883838 0.924507200717926 7
1761590884555 0.8865702152252197 8
1761590885203 0.8489126563072205 9
1761590885833 0.81838458776474 10
1761590886403 0.8064598441123962 11
1761590886972 0.7737762331962585 12
1761590887635 0.7140606045722961 13
1761590888359 0.7142083644866943 14
1761590888999 0.7079412341117859 15
1761590889572 0.6675050854682922 16
1761590890139 0.6781690120697021 17
1761590890708 0.6838788390159607 18
1761590891339 0.6422151923179626 19
1761590891969 0.6598505973815918 20
1761590892534 0.6352741718292236 21
1761590893101 0.5957266688346863 22
1761590893672 0.5846037864685059 23
1761590894236 0.5683431029319763 24
1761590894802 0.5765615105628967 25
1761590895372 0.5787297487258911 26
1761590896019 0.5602864623069763 27
1761590896652 0.5534355044364929 28
1761590897225 0.5450822710990906 29
1761590879502 1.0987770557403564 0
1761590879502 1.0987770557403564 0
1761590879502 1.0987770557403564 0
