1761590555205 0.3392857015132904 0
1761590555793 0.40221089124679565 1
1761590556422 0.3941326439380646 2
1761590556998 0.4264455735683441 3
1761590557558 0.40731292963027954 4
1761590558110 0.43494898080825806 5
1761590558622 0.4591836631298065 6
1761590559244 0.4545068144798279 7
1761590559813 0.46683672070503235 8
1761590560316 0.47789114713668823 9
1761590560817 0.5068027377128601 10
1761590561341 0.5076530575752258 11
1761590561861 0.5 12
1761590562439 0.5161564350128174 13
1761590563074 0.5344387888908386 14
1761590563601 0.5280612111091614 15
1761590564177 0.5518707633018494 16
1761590564762 0.5493197441101074 17
1761590565360 0.5612244606018066 18
1761590565901 0.5378401279449463 19
1761590566540 0.5654761791229248 20
1761590567071 0.5659013390541077 21
1761590567578 0.5799319744110107 22
1761590568081 0.5901360511779785 23
1761590568584 0.5884353518486023 24
1761590569081 0.5807822942733765 25
1761590569759 0.6020408272743225 26
1761590570429 0.6003401279449463 27
1761590570944 0.5943877696990967 28
1761590571446 0.6007652878761292 29
1761590571953 0.6215986609458923 30
1761590572454 0.629676878452301 31
1761590572951 0.6211734414100647 32
1761590573482 0.625 33
1761590574114 0.6458333134651184 34
1761590574727 0.601190447807312 35
1761590575388 0.6352040767669678 36
1761590576028 0.6483843326568604 37
1761590576590 0.6390306353569031 38
1761590577188 0.6598639488220215 39
1761590577855 0.6598639488220215 40
1761590578383 0.6594387888908386 41
1761590578881 0.6577380895614624 42
1761590579378 0.6500850319862366 43
1761590579877 0.6551870703697205 44
1761590580383 0.663690447807312 45
1761590580977 0.6700680255889893 46
1761590581562 0.6653911471366882 47
1761590582062 0.6534863710403442 48
1761590582573 0.6730442047119141 49
1761590555205 0.3392857015132904 0
1761590555205 0.3392857015132904 0
1761590555205 0.3392857015132904 0
