1761590555205 1.1218068599700928 0
1761590555793 1.0605077743530273 1
1761590556422 1.02816641330719 2
1761590556998 0.9865670800209045 3
1761590557558 0.9678852558135986 4
1761590558110 0.9624252915382385 5
1761590558622 0.9243539571762085 6
1761590559244 0.9121438264846802 7
1761590559813 0.8487328886985779 8
1761590560316 0.8365310430526733 9
1761590560817 0.8090912699699402 10
1761590561341 0.8298872113227844 11
1761590561861 0.7762505412101746 12
1761590562439 0.7527797222137451 13
1761590563074 0.7553122639656067 14
1761590563601 0.743050217628479 15
1761590564177 0.6941311955451965 16
1761590564762 0.7194252014160156 17
1761590565360 0.7056040167808533 18
1761590565901 0.7183142304420471 19
1761590566540 0.6622347235679626 20
1761590567071 0.6447457075119019 21
1761590567578 0.6854724884033203 22
1761590568081 0.6192436218261719 23
1761590568584 0.6145470142364502 24
1761590569081 0.6454172134399414 25
1761590569759 0.6055160164833069 26
1761590570429 0.6090316772460938 27
1761590570944 0.6360767483711243 28
1761590571446 0.6302910447120667 29
1761590571953 0.5922331213951111 30
1761590572454 0.6141419410705566 31
1761590572951 0.5633547902107239 32
1761590573482 0.5807744264602661 33
1761590574114 0.5567616820335388 34
1761590574727 0.582264244556427 35
1761590575388 0.5842487215995789 36
1761590576028 0.5287402272224426 37
1761590576590 0.5485448837280273 38
1761590577188 0.5203915238380432 39
1761590577855 0.5505263805389404 40
1761590578383 0.559018075466156 41
1761590578881 0.5206758379936218 42
1761590579378 0.5333043336868286 43
1761590579877 0.5301629900932312 44
1761590580383 0.5007721781730652 45
1761590580977 0.5113592743873596 46
1761590581562 0.5116707682609558 47
1761590582062 0.5180701613426208 48
1761590582573 0.5261989235877991 49
1761590555205 1.1218068599700928 0
1761590555205 1.1218068599700928 0
1761590555205 1.1218068599700928 0
