1761592851272 0.36564627289772034 0
1761592851555 0.3333333432674408 1
1761592851828 0.36054420471191406 2
1761592852095 0.3460884392261505 3
1761592852344 0.3333333432674408 4
1761592852596 0.35246598720550537 5
1761592852883 0.3431122303009033 6
1761592853136 0.3503401279449463 7
1761592853464 0.3652210831642151 8
1761592853707 0.3592686951160431 9
1761592853952 0.35076531767845154 10
1761592854259 0.37329933047294617 11
1761592854558 0.3571428656578064 12
1761592854816 0.3886054456233978 13
1761592855078 0.3613945543766022 14
1761592855340 0.37755101919174194 15
1761592855604 0.3920068144798279 16
1761592855856 0.39115646481513977 17
1761592856109 0.37840136885643005 18
1761592856377 0.39243197441101074 19
1761592856668 0.3907313048839569 20
1761592856983 0.37542515993118286 21
1761592857281 0.3907313048839569 22
1761592857572 0.4098639488220215 23
1761592857833 0.41028910875320435 24
1761592858109 0.41709184646606445 25
1761592858375 0.39923468232154846 26
1761592858665 0.4183673560619354 27
1761592858920 0.4107142984867096 28
1761592859170 0.3907313048839569 29
1761592859428 0.4009353816509247 30
1761592859688 0.3907313048839569 31
1761592859947 0.3945578336715698 32
1761592860323 0.43197280168533325 33
1761592860977 0.4085884392261505 34
1761592861324 0.39243197441101074 35
1761592861636 0.4115646183490753 36
1761592861903 0.4158163368701935 37
1761592862168 0.4068877696990967 38
1761592862511 0.38647958636283875 39
1761592851272 0.36564627289772034 0
