1761592851272 1.1423207521438599 0
1761592851555 1.1271638870239258 1
1761592851828 1.1294957399368286 2
1761592852095 1.1187613010406494 3
1761592852344 1.1099909543991089 4
1761592852596 1.090143084526062 5
1761592852883 1.0928211212158203 6
1761592853136 1.0978834629058838 7
1761592853464 1.0908544063568115 8
1761592853707 1.07567298412323 9
1761592853952 1.0700706243515015 10
1761592854259 1.0596487522125244 11
1761592854558 1.0662827491760254 12
1761592854816 1.0537899732589722 13
1761592855078 1.0572489500045776 14
1761592855340 1.0618757009506226 15
1761592855604 1.06141996383667 16
1761592855856 1.0504870414733887 17
1761592856109 1.0540404319763184 18
1761592856377 1.0526123046875 19
1761592856668 1.0514949560165405 20
1761592856983 1.040268898010254 21
1761592857281 1.0457324981689453 22
1761592857572 1.0311957597732544 23
1761592857833 1.0269826650619507 24
1761592858109 1.033332347869873 25
1761592858375 1.0201992988586426 26
1761592858665 1.0328435897827148 27
1761592858920 1.023566722869873 28
1761592859170 1.021799921989441 29
1761592859428 1.028517484664917 30
1761592859688 1.0283162593841553 31
1761592859947 1.0181257724761963 32
1761592860323 1.0034880638122559 33
1761592860977 1.001452088356018 34
1761592861324 1.0177973508834839 35
1761592861636 1.0066207647323608 36
1761592861903 1.007001280784607 37
1761592862168 1.0081795454025269 38
1761592862511 1.0087281465530396 39
1761592851272 1.1423207521438599 0
