1761352978153 0.31008389592170715 0
1761352978755 0.23244604468345642 1
1761352979380 0.18333591520786285 2
1761352980049 0.06176582723855972 3
1761352980879 0.013734190724790096 4
1761352981496 0.00303862988948822 5
1761352982116 0.0011309720575809479 6
1761352982724 0.000765670498367399 7
1761352983374 0.0005731204873882234 8
1761352983979 0.00046616874169558287 9
1761352984600 0.0003748938615899533 10
1761352985208 0.0003103215422015637 11
1761352985762 0.0002614567056298256 12
1761352986352 0.0002287695388076827 13
1761352986907 0.0001960104564204812 14
1761352978153 0.31008389592170715 0
1761352978153 0.31008389592170715 0
1761352978153 0.31008389592170715 0
