1761590228823 0.31292515993118286 0
1761590229203 0.3609693944454193 1
1761590229576 0.3154761791229248 2
1761590229903 0.33078232407569885 3
1761590230272 0.3320578336715698 4
1761590230683 0.3235544264316559 5
1761590231085 0.34481292963027954 6
1761590231484 0.34268707036972046 7
1761590231857 0.3698979616165161 8
1761590232181 0.3363095223903656 9
1761590232502 0.3320578336715698 10
1761590232827 0.35884353518486023 11
1761590233149 0.34481292963027954 12
1761590233480 0.34183672070503235 13
1761590233848 0.3779761791229248 14
1761590234252 0.3758503496646881 15
1761590234646 0.34481292963027954 16
1761590234977 0.3414115607738495 17
1761590235310 0.3979591727256775 18
1761590235630 0.363095223903656 19
1761590235952 0.37457484006881714 20
1761590236320 0.3669217824935913 21
1761590236644 0.3792516887187958 22
1761590237023 0.3613945543766022 23
1761590237452 0.4034864008426666 24
1761590237883 0.37542515993118286 25
1761590238237 0.375 26
1761590238563 0.4047619104385376 27
1761590238885 0.3639455735683441 28
1761590239209 0.3860544264316559 29
1761590239530 0.3966836631298065 30
1761590239852 0.38137754797935486 31
1761590240179 0.4047619104385376 32
1761590240545 0.38647958636283875 33
1761590240889 0.40136054158210754 34
1761590241298 0.3771258592605591 35
1761590241718 0.40136054158210754 36
1761590242044 0.4085884392261505 37
1761590242362 0.4090135991573334 38
1761590242683 0.4128401279449463 39
1761590243013 0.4238945543766022 40
1761590243333 0.41624149680137634 41
1761590243659 0.3920068144798279 42
1761590243980 0.3966836631298065 43
1761590244317 0.40603742003440857 44
1761590244726 0.38945579528808594 45
1761590245114 0.4136904776096344 46
1761590245448 0.41624149680137634 47
1761590245824 0.4238945543766022 48
1761590246200 0.4056122303009033 49
1761590246537 0.4277210831642151 50
1761590246864 0.3996598720550537 51
1761590247189 0.42517006397247314 52
1761590247513 0.3979591727256775 53
1761590247842 0.42134353518486023 54
1761590248294 0.3890306055545807 55
1761590248728 0.4196428656578064 56
1761590249055 0.4009353816509247 57
1761590249426 0.4485544264316559 58
1761590249745 0.38818028569221497 59
1761590228823 0.31292515993118286 0
1761590228823 0.31292515993118286 0
1761590228823 0.31292515993118286 0
