1761590228823 1.1407667398452759 0
1761590229203 1.1437691450119019 1
1761590229576 1.127644658088684 2
1761590229903 1.1324142217636108 3
1761590230272 1.0991541147232056 4
1761590230683 1.1006449460983276 5
1761590231085 1.087739109992981 6
1761590231484 1.0989326238632202 7
1761590231857 1.078561782836914 8
1761590232181 1.095362663269043 9
1761590232502 1.0889350175857544 10
1761590232827 1.0763951539993286 11
1761590233149 1.0747874975204468 12
1761590233480 1.078061580657959 13
1761590233848 1.0651350021362305 14
1761590234252 1.0607250928878784 15
1761590234646 1.0692033767700195 16
1761590234977 1.0677205324172974 17
1761590235310 1.0630422830581665 18
1761590235630 1.051540493965149 19
1761590235952 1.0568777322769165 20
1761590236320 1.0605788230895996 21
1761590236644 1.045828938484192 22
1761590237023 1.0521713495254517 23
1761590237452 1.0504893064498901 24
1761590237883 1.0442265272140503 25
1761590238237 1.0544379949569702 26
1761590238563 1.0484907627105713 27
1761590238885 1.0325664281845093 28
1761590239209 1.0347180366516113 29
1761590239530 1.0397546291351318 30
1761590239852 1.023934006690979 31
1761590240179 1.0337334871292114 32
1761590240545 1.041088342666626 33
1761590240889 1.0328683853149414 34
1761590241298 1.0332305431365967 35
1761590241718 1.0291624069213867 36
1761590242044 1.0286917686462402 37
1761590242362 1.0088683366775513 38
1761590242683 1.0087645053863525 39
1761590243013 1.0157562494277954 40
1761590243333 1.0212922096252441 41
1761590243659 1.0276223421096802 42
1761590243980 1.025752067565918 43
1761590244317 1.0362175703048706 44
1761590244726 1.0245438814163208 45
1761590245114 1.031265139579773 46
1761590245448 1.0130860805511475 47
1761590245824 1.0156519412994385 48
1761590246200 1.0106310844421387 49
1761590246537 1.0104204416275024 50
1761590246864 1.0142370462417603 51
1761590247189 1.0136626958847046 52
1761590247513 1.0075702667236328 53
1761590247842 1.0087603330612183 54
1761590248294 1.0095477104187012 55
1761590248728 1.0176222324371338 56
1761590249055 1.0016469955444336 57
1761590249426 1.0030518770217896 58
1761590249745 1.0102258920669556 59
1761590228823 1.1407667398452759 0
1761590228823 1.1407667398452759 0
1761590228823 1.1407667398452759 0
