1761590174497 0.3146258592605591 0
1761590175034 0.32780611515045166 1
1761590175545 0.3465135991573334 2
1761590176053 0.29719388484954834 3
1761590176614 0.3443877696990967 4
1761590177091 0.31590136885643005 5
1761590177669 0.3363095223903656 6
1761590178361 0.3452380895614624 7
1761590179042 0.33971089124679565 8
1761590179634 0.37329933047294617 9
1761590180128 0.3490646183490753 10
1761590180623 0.3465135991573334 11
1761590181103 0.3452380895614624 12
1761590181627 0.37755101919174194 13
1761590182101 0.3669217824935913 14
1761590182593 0.37627550959587097 15
1761590183070 0.3979591727256775 16
1761590183634 0.37670066952705383 17
1761590184176 0.38052719831466675 18
1761590184783 0.38818028569221497 19
1761590185240 0.3937074840068817 20
1761590185695 0.40646257996559143 21
1761590186153 0.3792516887187958 22
1761590186621 0.41411563754081726 23
1761590187082 0.38818028569221497 24
1761590187638 0.3979591727256775 25
1761590188186 0.3996598720550537 26
1761590188651 0.4098639488220215 27
1761590189115 0.4085884392261505 28
1761590189571 0.4098639488220215 29
1761590190026 0.41326531767845154 30
1761590190483 0.43027210235595703 31
1761590190939 0.38818028569221497 32
1761590191437 0.4175170063972473 33
1761590191915 0.42091837525367737 34
1761590192501 0.4217686951160431 35
1761590193096 0.42006802558898926 36
1761590193564 0.41326531767845154 37
1761590194025 0.42602041363716125 38
1761590194479 0.41411563754081726 39
1761590194929 0.4115646183490753 40
1761590195379 0.4345238208770752 41
1761590195920 0.4056122303009033 42
1761590196462 0.4094387888908386 43
1761590196923 0.42431971430778503 44
1761590197382 0.41539114713668823 45
1761590197839 0.4145408272743225 46
1761590198292 0.41496598720550537 47
1761590198750 0.42134353518486023 48
1761590199205 0.3988095223903656 49
1761590174497 0.3146258592605591 0
1761590174497 0.3146258592605591 0
1761590174497 0.3146258592605591 0
