1761590174497 1.1848806142807007 0
1761590175034 1.1262547969818115 1
1761590175545 1.1389870643615723 2
1761590176053 1.1239515542984009 3
1761590176614 1.111137866973877 4
1761590177091 1.0815179347991943 5
1761590177669 1.1066476106643677 6
1761590178361 1.0702794790267944 7
1761590179042 1.0909419059753418 8
1761590179634 1.0693330764770508 9
1761590180128 1.0790553092956543 10
1761590180623 1.0666154623031616 11
1761590181103 1.062018632888794 12
1761590181627 1.054875373840332 13
1761590182101 1.0618115663528442 14
1761590182593 1.0699334144592285 15
1761590183070 1.0534133911132812 16
1761590183634 1.049736499786377 17
1761590184176 1.049129605293274 18
1761590184783 1.0495038032531738 19
1761590185240 1.0397266149520874 20
1761590185695 1.046514630317688 21
1761590186153 1.0450468063354492 22
1761590186621 1.031962513923645 23
1761590187082 1.0280948877334595 24
1761590187638 1.0368608236312866 25
1761590188186 1.0165016651153564 26
1761590188651 1.0295730829238892 27
1761590189115 1.0319451093673706 28
1761590189571 1.0158631801605225 29
1761590190026 1.021950364112854 30
1761590190483 1.0141499042510986 31
1761590190939 1.0080305337905884 32
1761590191437 1.011739730834961 33
1761590191915 1.0237876176834106 34
1761590192501 1.014751672744751 35
1761590193096 1.0059168338775635 36
1761590193564 1.0195691585540771 37
1761590194025 1.0175495147705078 38
1761590194479 1.0092641115188599 39
1761590194929 1.0086150169372559 40
1761590195379 1.0026718378067017 41
1761590195920 1.014131784439087 42
1761590196462 1.016019582748413 43
1761590196923 1.008951187133789 44
1761590197382 1.0130512714385986 45
1761590197839 1.00345778465271 46
1761590198292 1.0033693313598633 47
1761590198750 0.9862678050994873 48
1761590199205 0.9995418190956116 49
1761590174497 1.1848806142807007 0
1761590174497 1.1848806142807007 0
1761590174497 1.1848806142807007 0
