1761350172074 0.520119845867157 0
1761350172398 0.6202911138534546 1
1761350172673 0.6446917653083801 2
1761350172958 0.7628424763679504 3
1761350173225 0.9053938388824463 4
1761350173497 0.9678938388824463 5
1761350173769 0.9905821681022644 6
1761350174033 0.9910102486610413 7
1761350174299 0.9965753555297852 8
1761350174582 1.0 9
1761350174859 0.997003436088562 10
1761350175152 1.0 11
1761350175456 1.0 12
1761350175696 1.0 13
1761350175995 1.0 14
1761350176267 1.0 15
1761350176531 1.0 16
1761350176780 1.0 17
1761350177042 1.0 18
1761350177280 1.0 19
1761350177548 1.0 20
1761350177811 1.0 21
1761350178049 1.0 22
1761350178314 1.0 23
1761350178579 1.0 24
1761350178891 1.0 25
1761350179164 1.0 26
1761350179450 1.0 27
1761350179733 1.0 28
1761350179970 1.0 29
1761350180210 1.0 30
1761350180450 1.0 31
1761350180724 1.0 32
1761350180970 1.0 33
1761350181219 1.0 34
1761350181487 1.0 35
1761350181732 1.0 36
1761350182004 1.0 37
1761350182289 1.0 38
1761350182570 1.0 39
1761350182837 1.0 40
1761350183078 1.0 41
1761350183318 1.0 42
1761350183587 1.0 43
1761350183851 1.0 44
1761350184087 1.0 45
1761350184356 1.0 46
1761350184622 1.0 47
1761350184857 1.0 48
1761350185102 1.0 49
1761350185372 1.0 50
1761350185662 1.0 51
1761350185930 1.0 52
1761350186216 1.0 53
1761350186454 1.0 54
1761350186721 1.0 55
1761350186991 1.0 56
1761350187274 1.0 57
1761350187540 1.0 58
1761350187784 1.0 59
1761350188027 1.0 60
1761350188289 1.0 61
1761350188544 1.0 62
1761350188810 1.0 63
1761350189052 1.0 64
1761350189355 1.0 65
1761350189636 1.0 66
1761350189908 1.0 67
1761350190176 1.0 68
1761350190444 1.0 69
1761350190685 1.0 70
1761350190923 1.0 71
1761350191185 1.0 72
1761350191424 1.0 73
1761350191692 1.0 74
1761350191959 1.0 75
1761350192226 1.0 76
1761350192465 1.0 77
1761350192732 1.0 78
1761350193032 1.0 79
1761350193323 1.0 80
1761350193591 1.0 81
1761350193830 1.0 82
1761350194074 1.0 83
1761350194340 1.0 84
1761350194606 1.0 85
1761350194875 1.0 86
1761350195121 1.0 87
1761350195361 1.0 88
1761350195606 1.0 89
1761350195874 1.0 90
1761350196145 1.0 91
1761350196440 1.0 92
1761350196707 1.0 93
1761350196969 1.0 94
1761350197229 1.0 95
1761350197515 1.0 96
1761350197759 1.0 97
1761350198031 1.0 98
1761350198281 1.0 99
1761350172074 0.520119845867157 0
1761350172074 0.520119845867157 0
1761350172074 0.520119845867157 0
