1761350172074 1.278552770614624 0
1761350172398 0.9213244318962097 1
1761350172673 0.8389367461204529 2
1761350172958 0.6142690181732178 3
1761350173225 0.3723730742931366 4
1761350173497 0.19018909335136414 5
1761350173769 0.0840987116098404 6
1761350174033 0.06142152473330498 7
1761350174299 0.03332507610321045 8
1761350174582 0.013742873445153236 9
1761350174859 0.02315353788435459 10
1761350175152 0.006666610948741436 11
1761350175456 0.004305325448513031 12
1761350175696 0.0038686420302838087 13
1761350175995 0.0033309608697891235 14
1761350176267 0.003636106615886092 15
1761350176531 0.0023673854302614927 16
1761350176780 0.002089503686875105 17
1761350177042 0.001976781291887164 18
1761350177280 0.0014263542834669352 19
1761350177548 0.0012391229392960668 20
1761350177811 0.0010596518404781818 21
1761350178049 0.0010682732099667192 22
1761350178314 0.0009261416853405535 23
1761350178579 0.0007627769955433905 24
1761350178891 0.0007865393999963999 25
1761350179164 0.0006455288967117667 26
1761350179450 0.0006066446076147258 27
1761350179733 0.0005305157974362373 28
1761350179970 0.00046277669025585055 29
1761350180210 0.0004234359657857567 30
1761350180450 0.0004219499824102968 31
1761350180724 0.00041784613858908415 32
1761350180970 0.0003250056179240346 33
1761350181219 0.00031152437441051006 34
1761350181487 0.00029481909587047994 35
1761350181732 0.0002732449793256819 36
1761350182004 0.0002653367700986564 37
1761350182289 0.00023366230016108602 38
1761350182570 0.00021280240616761148 39
1761350182837 0.00019860666361637414 40
1761350183078 0.0001815525902202353 41
1761350183318 0.0002001708053285256 42
1761350183587 0.00016402965411543846 43
1761350183851 0.000158476919750683 44
1761350184087 0.00014725662185810506 45
1761350184356 0.00013353597023524344 46
1761350184622 0.00014061764522921294 47
1761350184857 0.0001358674344373867 48
1761350185102 0.00011167109914822504 49
1761350185372 0.00010885515075642616 50
1761350185662 9.895247785607353e-05 51
1761350185930 9.398350084666163e-05 52
1761350186216 8.834785694489256e-05 53
1761350186454 8.92039097379893e-05 54
1761350186721 8.173967944458127e-05 55
1761350186991 7.49374448787421e-05 56
1761350187274 7.521124643972144e-05 57
1761350187540 6.572056008735672e-05 58
1761350187784 6.631003634538502e-05 59
1761350188027 6.026642586220987e-05 60
1761350188289 5.522607170860283e-05 61
1761350188544 5.2412717195693403e-05 62
1761350188810 5.132779915584251e-05 63
1761350189052 5.08781049575191e-05 64
1761350189355 4.951222217641771e-05 65
1761350189636 4.371571048977785e-05 66
1761350189908 4.128860746277496e-05 67
1761350190176 4.055399767821655e-05 68
1761350190444 3.645886681624688e-05 69
1761350190685 3.495860437396914e-05 70
1761350190923 3.439083957346156e-05 71
1761350191185 3.4189652069471776e-05 72
1761350191424 3.116198058705777e-05 73
1761350191692 3.0214516300475225e-05 74
1761350191959 2.8738180844811723e-05 75
1761350192226 2.541390131227672e-05 76
1761350192465 2.4093991669360548e-05 77
1761350192732 2.370843503740616e-05 78
1761350193032 2.3787615646142513e-05 79
1761350193323 2.0064428099431098e-05 80
1761350193591 1.9953566152253188e-05 81
1761350193830 1.871844142442569e-05 82
1761350194074 2.0927738660247996e-05 83
1761350194340 1.6662390407873318e-05 84
1761350194606 1.8038919733953662e-05 85
1761350194875 1.4836703485343605e-05 86
1761350195121 1.4388160707312636e-05 87
1761350195361 1.4028044461156242e-05 88
1761350195606 1.2939967746206094e-05 89
1761350195874 1.2917892490804661e-05 90
1761350196145 1.2718258403765503e-05 91
1761350196440 1.161418367701117e-05 92
1761350196707 1.0830848623299971e-05 93
1761350196969 1.0286920769431163e-05 94
1761350197229 9.622342986403964e-06 95
1761350197515 1.0550105798756704e-05 96
1761350197759 8.73593489814084e-06 97
1761350198031 8.388010428461712e-06 98
1761350198281 8.334875928994734e-06 99
1761350172074 1.278552770614624 0
1761350172074 1.278552770614624 0
1761350172074 1.278552770614624 0
