1761263962225 0.18219983577728271 0
1761263962728 0.18136020004749298 1
1761263963168 0.18136020004749298 2
1761263963616 0.18136020004749298 3
1761263964122 0.18136020004749298 4
1761263964575 0.18136020004749298 5
1761263965018 0.18136020004749298 6
1761263965460 0.18136020004749298 7
1761263965904 0.18136020004749298 8
1761263966358 0.18136020004749298 9
1761263966848 0.18136020004749298 10
1761263967327 0.18136020004749298 11
1761263967791 0.18136020004749298 12
1761263968232 0.18136020004749298 13
1761263968690 0.18136020004749298 14
1761263969155 0.18136020004749298 15
1761263962225 0.18219983577728271 0
1761263985352 0.18219983577728271 16
1761263962225 0.18219983577728271 0
1761263962225 0.18219983577728271 0
