1761349558688 0.5920376777648926 0
1761349559270 0.6005992889404297 1
1761349559853 0.6005992889404297 2
1761349560463 0.607876718044281 3
1761349561135 0.6113013625144958 4
1761349561648 0.6113013625144958 5
1761349562148 0.6194349527359009 6
1761349562670 0.619006872177124 7
1761349563261 0.6215753555297852 8
1761349563771 0.6352739930152893 9
1761349564278 0.6378424763679504 10
1761349564780 0.6468321681022644 11
1761349565299 0.6455479264259338 12
1761349565804 0.6536815166473389 13
1761349566391 0.6682363152503967 14
1761349558688 0.5920376777648926 0
1761349558688 0.5920376777648926 0
1761349558688 0.5920376777648926 0
