1761349558688 0.9560048580169678 0
1761349559270 0.9231734871864319 1
1761349559853 0.9116283059120178 2
1761349560463 0.8986473679542542 3
1761349561135 0.889675498008728 4
1761349561648 0.8872703909873962 5
1761349562148 0.8712972402572632 6
1761349562670 0.8608560562133789 7
1761349563261 0.8566862344741821 8
1761349563771 0.841389536857605 9
1761349564278 0.8282366991043091 10
1761349564780 0.8064502477645874 11
1761349565299 0.8139724135398865 12
1761349565804 0.787338376045227 13
1761349566391 0.7601391077041626 14
1761349558688 0.9560048580169678 0
1761349558688 0.9560048580169678 0
1761349558688 0.9560048580169678 0
