1761349038079 0.670141875743866 0
1761349038700 0.05712613835930824 1
1761349039305 0.031113911420106888 2
1761349039918 0.009695691056549549 3
1761349040579 0.0040871985256671906 4
1761349041194 0.0006141260964795947 5
1761349041825 0.000424715515691787 6
1761349042415 0.0003335375804454088 7
1761349043044 0.00027788730221800506 8
1761349043650 0.00023597353720106184 9
1761349044272 0.0002044831053353846 10
1761349044874 0.00017730153922457248 11
1761349045445 0.00015555878053419292 12
1761349046002 0.00013627830776385963 13
1761349046588 0.0001219987025251612 14
1761349038079 0.670141875743866 0
1761349038079 0.670141875743866 0
1761349038079 0.670141875743866 0
