1761590055812 0.20790816843509674 0
1761590056661 0.33503401279449463 1
1761590057567 0.36181971430778503 2
1761590058423 0.2291666716337204 3
1761590059248 0.35374149680137634 4
1761590060123 0.31292515993118286 5
1761590061007 0.3460884392261505 6
1761590061835 0.2997449040412903 7
1761590062615 0.3273809552192688 8
1761590063400 0.35756802558898926 9
1761590064181 0.31420066952705383 10
1761590065064 0.3520408272743225 11
1761590065876 0.3473639488220215 12
1761590066680 0.35076531767845154 13
1761590067469 0.3571428656578064 14
1761590068260 0.37840136885643005 15
1761590069095 0.37670066952705383 16
1761590069976 0.386904776096344 17
1761590070786 0.36564627289772034 18
1761590071567 0.40646257996559143 19
1761590072348 0.4090135991573334 20
1761590073133 0.3779761791229248 21
1761590073915 0.39243197441101074 22
1761590074869 0.4094387888908386 23
1761590075736 0.38137754797935486 24
1761590076522 0.4128401279449463 25
1761590077297 0.4136904776096344 26
1761590078078 0.39838436245918274 27
1761590078867 0.4056122303009033 28
1761590079757 0.42006802558898926 29
1761590080559 0.39625850319862366 30
1761590081347 0.380952388048172 31
1761590082122 0.4285714328289032 32
1761590082903 0.4107142984867096 33
1761590083685 0.4204931855201721 34
1761590084575 0.40646257996559143 35
1761590085401 0.4077380895614624 36
1761590086189 0.42517006397247314 37
1761590086963 0.40646257996559143 38
1761590087740 0.41921767592430115 39
1761590055812 0.20790816843509674 0
1761590055812 0.20790816843509674 0
1761590055812 0.20790816843509674 0
