1761590055812 1.1073274612426758 0
1761590056661 1.1179121732711792 1
1761590057567 1.1032466888427734 2
1761590058423 1.1003458499908447 3
1761590059248 1.0925917625427246 4
1761590060123 1.0845403671264648 5
1761590061007 1.0891308784484863 6
1761590061835 1.0770827531814575 7
1761590062615 1.0803139209747314 8
1761590063400 1.0625331401824951 9
1761590064181 1.0664886236190796 10
1761590065064 1.069537878036499 11
1761590065876 1.051487684249878 12
1761590066680 1.054516077041626 13
1761590067469 1.052425503730774 14
1761590068260 1.0443174839019775 15
1761590069095 1.0569640398025513 16
1761590069976 1.0587921142578125 17
1761590070786 1.0422921180725098 18
1761590071567 1.038289189338684 19
1761590072348 1.0406585931777954 20
1761590073133 1.0389065742492676 21
1761590073915 1.0365957021713257 22
1761590074869 1.029433250427246 23
1761590075736 1.028866171836853 24
1761590076522 1.0307471752166748 25
1761590077297 1.0219420194625854 26
1761590078078 1.0275899171829224 27
1761590078867 1.0151543617248535 28
1761590079757 1.0193132162094116 29
1761590080559 1.0239789485931396 30
1761590081347 1.0208784341812134 31
1761590082122 1.0075486898422241 32
1761590082903 1.005422592163086 33
1761590083685 0.9979395270347595 34
1761590084575 1.008122444152832 35
1761590085401 0.9991320967674255 36
1761590086189 1.0054445266723633 37
1761590086963 1.002685785293579 38
1761590087740 0.9969303607940674 39
1761590055812 1.1073274612426758 0
1761590055812 1.1073274612426758 0
1761590055812 1.1073274612426758 0
