1761349514562 0.5449486374855042 0
1761349514877 0.5916095972061157 1
1761349515146 0.7089040875434875 2
1761349515417 0.7739726305007935 3
1761349515687 0.8544520735740662 4
1761349515949 0.9216609597206116 5
1761349516209 0.982876718044281 6
1761349516472 0.9884417653083801 7
1761349516738 0.9931507110595703 8
1761349517003 0.9991438388824463 9
1761349517270 0.9965753555297852 10
1761349517556 0.9991438388824463 11
1761349517852 0.9995719194412231 12
1761349518108 0.9995719194412231 13
1761349518373 1.0 14
1761349514562 0.5449486374855042 0
1761349514562 0.5449486374855042 0
1761349514562 0.5449486374855042 0
