1761349514562 1.434449553489685 0
1761349514877 0.9734646677970886 1
1761349515146 0.715423583984375 2
1761349515417 0.5844948291778564 3
1761349515687 0.4534088969230652 4
1761349515949 0.3095210790634155 5
1761349516209 0.1813369244337082 6
1761349516472 0.12578630447387695 7
1761349516738 0.07638614624738693 8
1761349517003 0.04637712612748146 9
1761349517270 0.042941637337207794 10
1761349517556 0.027430403977632523 11
1761349517852 0.0195042472332716 12
1761349518108 0.015302762389183044 13
1761349518373 0.012517798691987991 14
1761349514562 1.434449553489685 0
1761349514562 1.434449553489685 0
1761349514562 1.434449553489685 0
