1761357750476 0.5762208104133606 0
1761357750938 0.6658174395561218 1
1761357751347 0.6552016735076904 2
1761357751777 0.6492568850517273 3
1761357752231 0.6704882979393005 4
1761357752667 0.6823779344558716 5
1761357753080 0.6836518049240112 6
1761357753539 0.6904458403587341 7
1761357754001 0.6912950873374939 8
1761357754412 0.7048832178115845 9
1761357754828 0.7299363017082214 10
1761357755250 0.7197452187538147 11
1761357755772 0.7554140090942383 12
1761357756224 0.7575371265411377 13
1761357756637 0.7622080445289612 14
1761357750476 0.5762208104133606 0
1761357750476 0.5762208104133606 0
1761357750476 0.5762208104133606 0
