1761357750476 1.0767393112182617 0
1761357750938 0.9641857743263245 1
1761357751347 0.9062418341636658 2
1761357751777 0.839709460735321 3
1761357752231 0.8180466294288635 4
1761357752667 0.7700081467628479 5
1761357753080 0.7181386351585388 6
1761357753539 0.6840218305587769 7
1761357754001 0.6492475867271423 8
1761357754412 0.6014034152030945 9
1761357754828 0.5702193379402161 10
1761357755250 0.5412209630012512 11
1761357755772 0.49410316348075867 12
1761357756224 0.4377423822879791 13
1761357756637 0.4254354238510132 14
1761357750476 1.0767393112182617 0
1761357750476 1.0767393112182617 0
1761357750476 1.0767393112182617 0
